1621558255.959989,lo,0.00,0.00,0.00,0,0,0.00,0.00,0.00,0,0,0.00,0.00,0,0
1621558255.960055,s3-eth1,0.00,0.00,0.00,0,0,0.00,0.00,0.00,0,0,0.00,0.00,0,0
1621558255.960103,s3-eth2,0.00,0.00,0.00,0,0,0.00,0.00,0.00,0,0,0.00,0.00,0,0
1621558255.960210,s2-eth1,0.00,0.00,0.00,0,0,0.00,0.00,0.00,0,0,0.00,0.00,0,0
1621558255.961683,s1-eth1,0.00,0.00,0.00,0,0,0.00,0.00,0.00,0,0,0.00,0.00,0,0
1621558255.961713,eth0,0.00,0.00,0.00,0,0,0.00,0.00,0.00,0,0,0.00,0.00,0,0
1621558255.961747,s2-eth2,0.00,0.00,0.00,0,0,0.00,0.00,0.00,0,0,0.00,0.00,0,0
1621558255.961779,s1-eth2,0.00,0.00,0.00,0,0,0.00,0.00,0.00,0,0,0.00,0.00,0,0
1621558255.961802,total,0.00,0.00,0.00,0,0,0.00,0.00,0.00,0,0,0.00,0.00,0,0
1621558256.962097,lo,16722.55,16722.55,33445.11,16756,16756,114.77,114.77,229.54,115,115,0.00,0.00,0,0
1621558256.962148,s3-eth1,5534294.50,42906.19,5577201.00,42992,5545363,711.58,636.73,1348.30,638,713,0.00,0.00,0,0
1621558256.962351,s3-eth2,43919.16,5538908.50,5582827.50,5549986,44007,637.72,719.56,1357.29,721,639,0.00,0.00,0,0
1621558256.962426,s2-eth1,5518200.50,42428.14,5560629.00,42513,5529237,702.59,638.72,1341.32,640,704,0.00,0.00,0,0
1621558256.962457,s1-eth1,5462972.00,42636.00,5505608.00,42636,5462972,678.00,646.00,1324.00,646,678,0.00,0.00,0,0
1621558256.962488,eth0,2187.00,2259.00,4446.00,2259,2187,18.00,16.00,34.00,16,18,0.00,0.00,0,0
1621558256.962517,s2-eth2,42926.00,5542467.00,5585393.00,5542467,42926,637.00,713.00,1350.00,713,637,0.00,0.00,0,0
1621558256.962547,s1-eth2,42447.00,5529237.00,5571684.00,5529237,42447,639.00,704.00,1343.00,704,639,0.00,0.00,0,0
1621558256.962572,total,16685895.00,16768846.00,33454740.00,16768846,16685895,4143.00,4193.00,8336.00,4193,4143,0.00,0.00,0,0
1621558257.962872,lo,6418.00,6418.00,12836.00,6418,6418,45.00,45.00,90.00,45,45,0.00,0.00,0,0
1621558257.962931,s3-eth1,5944115.00,71880.00,6015995.00,71880,5944115,1118.00,1085.00,2203.00,1085,1118,0.00,0.00,0,0
1621558257.962990,s3-eth2,72525.00,5955432.00,6027957.00,5955432,72525,1091.00,1116.00,2207.00,1116,1091,0.00,0.00,0,0
1621558257.963058,s2-eth1,5941618.00,71415.00,6013033.00,71415,5941618,1122.00,1080.00,2202.00,1080,1122,0.00,0.00,0,0
1621558257.963089,s1-eth1,5948601.00,70950.00,6019551.00,70950,5948601,1138.00,1075.00,2213.00,1075,1138,0.00,0.00,0,0
1621558257.963120,eth0,955.00,1339.00,2294.00,1339,955,11.00,11.00,22.00,11,11,0.00,0.00,0,0
1621558257.963149,s2-eth2,71880.00,5939705.00,6011585.00,5939705,71880,1085.00,1117.00,2202.00,1117,1085,0.00,0.00,0,0
1621558257.963180,s1-eth2,71415.00,5941618.00,6013033.00,5941618,71415,1080.00,1122.00,2202.00,1122,1080,0.00,0.00,0,0
1621558257.963206,total,18057528.00,18058756.00,36116284.00,18058757,18057527,6690.00,6651.00,13341.00,6651,6690,0.00,0.00,0,0
1621558258.963564,lo,3348.00,3348.00,6696.00,3348,3348,18.00,18.00,36.00,18,18,0.00,0.00,0,0
1621558258.963665,s3-eth1,5959292.00,66096.00,6025388.00,66096,5959292,1085.00,998.00,2083.00,998,1085,0.00,0.00,0,0
1621558258.963709,s3-eth2,66096.00,5973790.00,6039886.00,5973790,66096,998.00,1087.00,2085.00,1087,998,0.00,0.00,0,0
1621558258.963778,s2-eth1,5965330.00,65916.00,6031246.00,65916,5965330,1087.00,997.00,2084.00,997,1087,0.00,0.00,0,0
1621558258.963809,s1-eth1,5971368.00,65802.00,6037170.00,65802,5971368,1089.00,997.00,2086.00,997,1089,0.00,0.00,0,0
1621558258.963839,eth0,0.00,0.00,0.00,0,0,0.00,0.00,0.00,0,0,0.00,0.00,0,0
1621558258.963864,s2-eth2,66096.00,5965150.00,6031246.00,5965150,66096,998.00,1086.00,2084.00,1086,998,0.00,0.00,0,0
1621558258.963895,s1-eth2,65916.00,5965330.00,6031246.00,5965330,65916,997.00,1087.00,2084.00,1087,997,0.00,0.00,0,0
1621558258.963920,total,18097446.00,18105432.00,36202880.00,18105432,18097446,6272.00,6270.00,12542.00,6270,6272,0.00,0.00,0,0
1621558259.964087,lo,7604.00,7604.00,15208.00,7604,7604,53.00,53.00,106.00,53,53,0.00,0.00,0,0
1621558259.964141,s3-eth1,5978541.00,66348.00,6044889.00,66348,5978541,1091.00,1001.00,2092.00,1001,1091,0.00,0.00,0,0
1621558259.964381,s3-eth2,66795.00,5989986.00,6056781.00,5989986,66795,1004.00,1091.00,2095.00,1091,1004,0.00,0.00,0,0
1621558259.964464,s2-eth1,5990528.00,66143.00,6056671.00,66143,5990528,1095.00,1000.00,2095.00,1000,1095,0.00,0.00,0,0
1621558259.964546,s1-eth1,5979013.00,65806.00,6044819.00,65806,5979013,1094.00,997.00,2091.00,997,1094,0.00,0.00,0,0
1621558259.964580,eth0,0.00,0.00,0.00,0,0,0.00,0.00,0.00,0,0,0.00,0.00,0,0
1621558259.964608,s2-eth2,66348.00,5978541.00,6044889.00,5978541,66348,1001.00,1091.00,2092.00,1091,1001,0.00,0.00,0,0
1621558259.964706,s1-eth2,66143.00,5990528.00,6056671.00,5990528,66143,1000.00,1095.00,2095.00,1095,1000,0.00,0.00,0,0
1621558259.964735,total,18154972.00,18164956.00,36319928.00,18164956,18154972,6338.00,6328.00,12666.00,6328,6338,0.00,0.00,0,0
1621558260.964938,lo,0.00,0.00,0.00,0,0,0.00,0.00,0.00,0,0,0.00,0.00,0,0
1621558260.964984,s3-eth1,5939772.00,71346.00,6011118.00,71346,5939772,1142.00,1081.00,2223.00,1081,1142,0.00,0.00,0,0
1621558260.965069,s3-eth2,71416.00,5926542.00,5997958.00,5926542,71416,1082.00,1139.00,2221.00,1139,1082,0.00,0.00,0,0
1621558260.965151,s2-eth1,5939772.00,71280.00,6011052.00,71280,5939772,1142.00,1080.00,2222.00,1080,1142,0.00,0.00,0,0
1621558260.965182,s1-eth1,5933984.00,71346.00,6005330.00,71346,5933984,1142.00,1081.00,2223.00,1081,1142,0.00,0.00,0,0
1621558260.965213,eth0,0.00,0.00,0.00,0,0,0.00,0.00,0.00,0,0,0.00,0.00,0,0
1621558260.965238,s2-eth2,71346.00,5939772.00,6011118.00,5939772,71346,1081.00,1142.00,2223.00,1142,1081,0.00,0.00,0,0
1621558260.965268,s1-eth2,71280.00,5939772.00,6011052.00,5939772,71280,1080.00,1142.00,2222.00,1142,1080,0.00,0.00,0,0
1621558260.965294,total,18027570.00,18020058.00,36047628.00,18020058,18027570,6669.00,6665.00,13334.00,6665,6669,0.00,0.00,0,0
1621558261.965698,lo,0.00,0.00,0.00,0,0,0.00,0.00,0.00,0,0,0.00,0.00,0,0
1621558261.965769,s3-eth1,5899018.00,65076.00,5964094.00,65076,5899018,1073.00,986.00,2059.00,986,1073,0.00,0.00,0,0
1621558261.965835,s3-eth2,65010.00,5881444.00,5946454.00,5881444,65010,985.00,1070.00,2055.00,1070,985,0.00,0.00,0,0
1621558261.965935,s2-eth1,5881444.00,65208.00,5946652.00,65208,5881444,1070.00,988.00,2058.00,988,1070,0.00,0.00,0,0
1621558261.965982,s1-eth1,5899018.00,65142.00,5964160.00,65142,5899018,1073.00,987.00,2060.00,987,1073,0.00,0.00,0,0
1621558261.966017,eth0,0.00,0.00,0.00,0,0,0.00,0.00,0.00,0,0,0.00,0.00,0,0
1621558261.966044,s2-eth2,65142.00,5899018.00,5964160.00,5899018,65142,987.00,1073.00,2060.00,1073,987,0.00,0.00,0,0
1621558261.966078,s1-eth2,65208.00,5881444.00,5946652.00,5881444,65208,988.00,1070.00,2058.00,1070,988,0.00,0.00,0,0
1621558261.966164,total,17874840.00,17857332.00,35732172.00,17857332,17874840,6176.00,6174.00,12350.00,6174,6176,0.00,0.00,0,0
1621558262.966564,lo,3348.00,3348.00,6696.00,3348,3348,18.00,18.00,36.00,18,18,0.00,0.00,0,0
1621558262.966649,s3-eth1,5815672.00,64578.00,5880250.00,64578,5815672,1059.00,975.00,2034.00,975,1059,0.00,0.00,0,0
1621558262.966703,s3-eth2,64578.00,5803776.00,5868354.00,5803776,64578,975.00,1056.00,2031.00,1056,975,0.00,0.00,0,0
1621558262.966779,s2-eth1,5809994.00,64332.00,5874326.00,64332,5809994,1059.00,973.00,2032.00,973,1059,0.00,0.00,0,0
1621558262.966822,s1-eth1,5829262.00,64152.00,5893414.00,64152,5829262,1064.00,972.00,2036.00,972,1064,0.00,0.00,0,0
1621558262.966853,eth0,0.00,0.00,0.00,0,0,0.00,0.00,0.00,0,0,0.00,0.00,0,0
1621558262.966878,s2-eth2,64578.00,5817186.00,5881764.00,5817186,64578,975.00,1060.00,2035.00,1060,975,0.00,0.00,0,0
1621558262.966909,s1-eth2,64332.00,5809994.00,5874326.00,5809994,64332,973.00,1059.00,2032.00,1059,973,0.00,0.00,0,0
1621558262.966940,total,17651764.00,17627366.00,35279128.00,17627366,17651764,6123.00,6113.00,12236.00,6113,6123,0.00,0.00,0,0
1621558263.967159,lo,0.00,0.00,0.00,0,0,0.00,0.00,0.00,0,0,0.00,0.00,0,0
1621558263.967232,s3-eth1,5828722.00,64218.00,5892940.00,64218,5828722,1061.00,973.00,2034.00,973,1061,0.00,0.00,0,0
1621558263.967281,s3-eth2,64398.00,5828722.00,5893120.00,5828722,64398,974.00,1061.00,2035.00,1061,974,0.00,0.00,0,0
1621558263.967358,s2-eth1,5840438.00,64152.00,5904590.00,64152,5840438,1063.00,972.00,2035.00,972,1063,0.00,0.00,0,0
1621558263.967393,s1-eth1,5838924.00,64086.00,5903010.00,64086,5838924,1062.00,971.00,2033.00,971,1062,0.00,0.00,0,0
1621558263.967437,eth0,153.00,153.00,306.00,153,153,2.00,2.00,4.00,2,2,0.00,0.00,0,0
1621558263.967467,s2-eth2,64152.00,5821350.00,5885502.00,5821350,64152,972.00,1059.00,2031.00,1059,972,0.00,0.00,0,0
1621558263.967502,s1-eth2,64152.00,5840438.00,5904590.00,5840438,64152,972.00,1063.00,2035.00,1063,972,0.00,0.00,0,0
1621558263.967530,total,17700940.00,17683120.00,35384056.00,17683119,17700939,6106.00,6101.00,12207.00,6101,6106,0.00,0.00,0,0
1621558264.967762,lo,0.00,0.00,0.00,0,0,0.00,0.00,0.00,0,0,0.00,0.00,0,0
1621558264.967805,s3-eth1,5959112.00,65604.00,6024716.00,65604,5959112,1084.00,994.00,2078.00,994,1084,0.00,0.00,0,0
1621558264.967921,s3-eth2,65538.00,5959112.00,6024650.00,5959112,65538,993.00,1084.00,2077.00,1084,993,0.00,0.00,0,0
1621558264.968021,s2-eth1,5964970.00,65604.00,6030574.00,65604,5964970,1085.00,994.00,2079.00,994,1085,0.00,0.00,0,0
1621558264.968058,s1-eth1,5960626.00,65670.00,6026296.00,65670,5960626,1085.00,995.00,2080.00,995,1085,0.00,0.00,0,0
1621558264.968093,eth0,0.00,0.00,0.00,0,0,0.00,0.00,0.00,0,0,0.00,0.00,0,0
1621558264.968126,s2-eth2,65604.00,5964970.00,6030574.00,5964970,65604,994.00,1085.00,2079.00,1085,994,0.00,0.00,0,0
1621558264.968161,s1-eth2,65604.00,5964970.00,6030574.00,5964970,65604,994.00,1085.00,2079.00,1085,994,0.00,0.00,0,0
1621558264.968191,total,18081454.00,18085930.00,36167384.00,18085930,18081454,6235.00,6237.00,12472.00,6237,6235,0.00,0.00,0,0
1621558265.968480,lo,0.00,0.00,0.00,0,0,0.00,0.00,0.00,0,0,0.00,0.00,0,0
1621558265.968525,s3-eth1,5984058.00,65670.00,6049728.00,65670,5984058,1089.00,995.00,2084.00,995,1089,0.00,0.00,0,0
1621558265.968570,s3-eth2,65736.00,5989916.00,6055652.00,5989916,65736,996.00,1090.00,2086.00,1090,996,0.00,0.00,0,0
1621558265.968714,s2-eth1,5978200.00,65736.00,6043936.00,65736,5978200,1088.00,996.00,2084.00,996,1088,0.00,0.00,0,0
1621558265.968749,s1-eth1,5970828.00,65736.00,6036564.00,65736,5970828,1086.00,996.00,2082.00,996,1086,0.00,0.00,0,0
1621558265.968780,eth0,0.00,0.00,0.00,0,0,0.00,0.00,0.00,0,0,0.00,0.00,0,0
1621558265.968805,s2-eth2,65670.00,5978200.00,6043870.00,5978200,65670,995.00,1088.00,2083.00,1088,995,0.00,0.00,0,0
1621558265.968836,s1-eth2,65736.00,5978200.00,6043936.00,5978200,65736,996.00,1088.00,2084.00,1088,996,0.00,0.00,0,0
1621558265.968862,total,18130228.00,18143458.00,36273688.00,18143458,18130228,6250.00,6253.00,12503.00,6253,6250,0.00,0.00,0,0
1621558266.969109,lo,1014.00,1014.00,2028.00,1014,1014,9.00,9.00,18.00,9,9,0.00,0.00,0,0
1621558266.969163,s3-eth1,5947396.00,65810.00,6013206.00,65810,5947396,1082.00,997.00,2079.00,997,1082,0.00,0.00,0,0
1621558266.969212,s3-eth2,65810.00,5947396.00,6013206.00,5947396,65810,997.00,1082.00,2079.00,1082,997,0.00,0.00,0,0
1621558266.969293,s2-eth1,5947396.00,65674.00,6013070.00,65674,5947396,1082.00,995.00,2077.00,995,1082,0.00,0.00,0,0
1621558266.969328,s1-eth1,5941538.00,65604.00,6007142.00,65604,5941538,1081.00,994.00,2075.00,994,1081,0.00,0.00,0,0
1621558266.969403,eth0,120.00,120.00,240.00,120,120,2.00,2.00,4.00,2,2,0.00,0.00,0,0
1621558266.969433,s2-eth2,65810.00,5947396.00,6013206.00,5947396,65810,997.00,1082.00,2079.00,1082,997,0.00,0.00,0,0
1621558266.969467,s1-eth2,65674.00,5947396.00,6013070.00,5947396,65674,995.00,1082.00,2077.00,1082,995,0.00,0.00,0,0
1621558266.969496,total,18034758.00,18040410.00,36075168.00,18040410,18034758,6245.00,6243.00,12488.00,6243,6245,0.00,0.00,0,0
1621558267.970081,lo,2200.00,2200.00,4400.00,2200,2200,21.00,21.00,42.00,21,21,0.00,0.00,0,0
1621558267.970211,s3-eth1,5869786.50,64751.25,5934537.50,64816,5875656,1068.93,981.02,2049.95,982,1070,0.00,0.00,0,0
1621558267.970256,s3-eth2,64751.25,5881420.50,5946172.00,5887302,64816,981.02,1069.93,2050.95,1071,982,0.00,0.00,0,0
1621558267.970325,s2-eth1,5881560.50,64685.32,5946246.00,64750,5887442,1071.93,980.02,2051.95,981,1073,0.00,0.00,0,0
1621558267.970357,s1-eth1,5869926.00,64751.25,5934677.50,64816,5875796,1070.93,981.02,2051.95,982,1072,0.00,0.00,0,0
1621558267.970388,eth0,0.00,0.00,0.00,0,0,0.00,0.00,0.00,0,0,0.00,0.00,0,0
1621558267.970412,s2-eth2,64816.00,5881514.00,5946330.00,5881514,64816,982.00,1071.00,2053.00,1071,982,0.00,0.00,0,0
1621558267.970452,s1-eth2,64750.00,5887442.00,5952192.00,5887442,64750,981.00,1073.00,2054.00,1073,981,0.00,0.00,0,0
1621558267.970478,total,17835476.00,17852840.00,35688316.00,17852840,17835476,6181.00,6181.00,12362.00,6181,6181,0.00,0.00,0,0
1621558268.970988,lo,1014.00,1014.00,2028.00,1014,1014,9.00,9.00,18.00,9,9,0.00,0.00,0,0
1621558268.971037,s3-eth1,5875656.00,64548.00,5940204.00,64548,5875656,1070.00,978.00,2048.00,978,1070,0.00,0.00,0,0
1621558268.971133,s3-eth2,64548.00,5858082.00,5922630.00,5858082,64548,978.00,1067.00,2045.00,1067,978,0.00,0.00,0,0
1621558268.971210,s2-eth1,5875656.00,64614.00,5940270.00,64614,5875656,1070.00,979.00,2049.00,979,1070,0.00,0.00,0,0
1621558268.971245,s1-eth1,5875656.00,64548.00,5940204.00,64548,5875656,1070.00,978.00,2048.00,978,1070,0.00,0.00,0,0
1621558268.971279,eth0,0.00,0.00,0.00,0,0,0.00,0.00,0.00,0,0,0.00,0.00,0,0
1621558268.971313,s2-eth2,64614.00,5875656.00,5940270.00,5875656,64614,979.00,1070.00,2049.00,1070,979,0.00,0.00,0,0
1621558268.971344,s1-eth2,64680.00,5875656.00,5940336.00,5875656,64680,980.00,1070.00,2050.00,1070,980,0.00,0.00,0,0
1621558268.971370,total,17821824.00,17804118.00,35625944.00,17804118,17821824,6156.00,6151.00,12307.00,6151,6156,0.00,0.00,0,0
1621558269.971606,lo,0.00,0.00,0.00,0,0,0.00,0.00,0.00,0,0,0.00,0.00,0,0
1621558269.971658,s3-eth1,5834580.00,64218.00,5898798.00,64218,5834580,1062.00,973.00,2035.00,973,1062,0.00,0.00,0,0
1621558269.971707,s3-eth2,64222.00,5834580.00,5898802.00,5834580,64222,973.00,1062.00,2035.00,1062,973,0.00,0.00,0,0
1621558269.971783,s2-eth1,5828722.00,64218.00,5892940.00,64218,5828722,1061.00,973.00,2034.00,973,1061,0.00,0.00,0,0
1621558269.971817,s1-eth1,5828722.00,64218.00,5892940.00,64218,5828722,1061.00,973.00,2034.00,973,1061,0.00,0.00,0,0
1621558269.971851,eth0,153.00,153.00,306.00,153,153,2.00,2.00,4.00,2,2,0.00,0.00,0,0
1621558269.971881,s2-eth2,64152.00,5828722.00,5892874.00,5828722,64152,972.00,1061.00,2033.00,1061,972,0.00,0.00,0,0
1621558269.971935,s1-eth2,64152.00,5828722.00,5892874.00,5828722,64152,972.00,1061.00,2033.00,1061,972,0.00,0.00,0,0
1621558269.971969,total,17684704.00,17684832.00,35369536.00,17684831,17684703,6103.00,6105.00,12208.00,6105,6103,0.00,0.00,0,0
1621558270.972492,lo,3348.00,3348.00,6696.00,3348,3348,18.00,18.00,36.00,18,18,0.00,0.00,0,0
1621558270.972545,s3-eth1,5893340.00,65238.00,5958578.00,65238,5893340,1073.00,985.00,2058.00,985,1073,0.00,0.00,0,0
1621558270.972590,s3-eth2,65370.00,5893160.00,5958530.00,5893160,65370,987.00,1072.00,2059.00,1072,987,0.00,0.00,0,0
1621558270.972658,s2-eth1,5893520.00,65124.00,5958644.00,65124,5893520,1074.00,985.00,2059.00,985,1074,0.00,0.00,0,0
1621558270.972689,s1-eth1,5893700.00,64944.00,5958644.00,64944,5893700,1075.00,984.00,2059.00,984,1075,0.00,0.00,0,0
1621558270.972720,eth0,0.00,0.00,0.00,0,0,0.00,0.00,0.00,0,0,0.00,0.00,0,0
1621558270.972744,s2-eth2,65304.00,5893340.00,5958644.00,5893340,65304,986.00,1073.00,2059.00,1073,986,0.00,0.00,0,0
1621558270.972775,s1-eth2,65124.00,5893520.00,5958644.00,5893520,65124,985.00,1074.00,2059.00,1074,985,0.00,0.00,0,0
1621558270.972800,total,17879706.00,17878674.00,35758380.00,17878674,17879706,6198.00,6191.00,12389.00,6191,6198,0.00,0.00,0,0
1621558271.972999,lo,0.00,0.00,0.00,0,0,0.00,0.00,0.00,0,0,0.00,0.00,0,0
1621558271.973097,s3-eth1,5984058.00,66000.00,6050058.00,66000,5984058,1089.00,1000.00,2089.00,1000,1089,0.00,0.00,0,0
1621558271.973148,s3-eth2,66114.00,5989916.00,6056030.00,5989916,66114,1000.00,1090.00,2090.00,1090,1000,0.00,0.00,0,0
1621558271.973225,s2-eth1,5984058.00,65934.00,6049992.00,65934,5984058,1089.00,999.00,2088.00,999,1089,0.00,0.00,0,0
1621558271.973260,s1-eth1,5984058.00,65934.00,6049992.00,65934,5984058,1089.00,999.00,2088.00,999,1089,0.00,0.00,0,0
1621558271.973294,eth0,0.00,0.00,0.00,0,0,0.00,0.00,0.00,0,0,0.00,0.00,0,0
1621558271.973321,s2-eth2,65934.00,5984058.00,6049992.00,5984058,65934,999.00,1089.00,2088.00,1089,999,0.00,0.00,0,0
1621558271.973356,s1-eth2,65934.00,5984058.00,6049992.00,5984058,65934,999.00,1089.00,2088.00,1089,999,0.00,0.00,0,0
1621558271.973400,total,18150156.00,18155900.00,36306056.00,18155900,18150156,6265.00,6266.00,12531.00,6266,6265,0.00,0.00,0,0
1621558272.973728,lo,0.00,0.00,0.00,0,0,0.00,0.00,0.00,0,0,0.00,0.00,0,0
1621558272.973776,s3-eth1,5970828.00,65670.00,6036498.00,65670,5970828,1086.00,995.00,2081.00,995,1086,0.00,0.00,0,0
1621558272.973859,s3-eth2,65736.00,5978200.00,6043936.00,5978200,65736,996.00,1088.00,2084.00,1088,996,0.00,0.00,0,0
1621558272.973936,s2-eth1,5970828.00,65670.00,6036498.00,65670,5970828,1086.00,995.00,2081.00,995,1086,0.00,0.00,0,0
1621558272.973970,s1-eth1,5970828.00,65736.00,6036564.00,65736,5970828,1086.00,996.00,2082.00,996,1086,0.00,0.00,0,0
1621558272.974043,eth0,0.00,0.00,0.00,0,0,0.00,0.00,0.00,0,0,0.00,0.00,0,0
1621558272.974071,s2-eth2,65670.00,5970828.00,6036498.00,5970828,65670,995.00,1086.00,2081.00,1086,995,0.00,0.00,0,0
1621558272.974105,s1-eth2,65670.00,5970828.00,6036498.00,5970828,65670,995.00,1086.00,2081.00,1086,995,0.00,0.00,0,0
1621558272.974134,total,18109560.00,18116932.00,36226492.00,18116932,18109560,6244.00,6246.00,12490.00,6246,6244,0.00,0.00,0,0
1621558273.974451,lo,0.00,0.00,0.00,0,0,0.00,0.00,0.00,0,0,0.00,0.00,0,0
1621558273.974500,s3-eth1,5948910.00,65670.00,6014580.00,65670,5948910,1083.00,995.00,2078.00,995,1083,0.00,0.00,0,0
1621558273.974571,s3-eth2,65604.00,5959112.00,6024716.00,5959112,65604,994.00,1084.00,2078.00,1084,994,0.00,0.00,0,0
1621558273.974699,s2-eth1,5954768.00,65736.00,6020504.00,65736,5954768,1084.00,996.00,2080.00,996,1084,0.00,0.00,0,0
1621558273.974733,s1-eth1,5960626.00,65670.00,6026296.00,65670,5960626,1085.00,995.00,2080.00,995,1085,0.00,0.00,0,0
1621558273.974773,eth0,0.00,0.00,0.00,0,0,0.00,0.00,0.00,0,0,0.00,0.00,0,0
1621558273.974802,s2-eth2,65670.00,5954768.00,6020438.00,5954768,65670,995.00,1084.00,2079.00,1084,995,0.00,0.00,0,0
1621558273.974836,s1-eth2,65736.00,5954768.00,6020504.00,5954768,65736,996.00,1084.00,2080.00,1084,996,0.00,0.00,0,0
1621558273.974864,total,18061314.00,18065724.00,36127040.00,18065724,18061314,6237.00,6238.00,12475.00,6238,6237,0.00,0.00,0,0
1621558274.975100,lo,0.00,0.00,0.00,0,0,0.00,0.00,0.00,0,0,0.00,0.00,0,0
1621558274.975143,s3-eth1,5953254.00,65670.00,6018924.00,65670,5953254,1083.00,995.00,2078.00,995,1083,0.00,0.00,0,0
1621558274.975187,s3-eth2,65670.00,5947396.00,6013066.00,5947396,65670,995.00,1082.00,2077.00,1082,995,0.00,0.00,0,0
1621558274.975255,s2-eth1,5947396.00,65604.00,6013000.00,65604,5947396,1082.00,994.00,2076.00,994,1082,0.00,0.00,0,0
1621558274.975345,s1-eth1,5941538.00,65670.00,6007208.00,65670,5941538,1081.00,995.00,2076.00,995,1081,0.00,0.00,0,0
1621558274.975389,eth0,0.00,0.00,0.00,0,0,0.00,0.00,0.00,0,0,0.00,0.00,0,0
1621558274.975457,s2-eth2,65670.00,5947396.00,6013066.00,5947396,65670,995.00,1082.00,2077.00,1082,995,0.00,0.00,0,0
1621558274.975494,s1-eth2,65604.00,5947396.00,6013000.00,5947396,65604,994.00,1082.00,2076.00,1082,994,0.00,0.00,0,0
1621558274.975520,total,18039132.00,18039132.00,36078264.00,18039132,18039132,6230.00,6230.00,12460.00,6230,6230,0.00,0.00,0,0
1621558275.975776,lo,516.00,516.00,1032.00,516,516,9.00,9.00,18.00,9,9,0.00,0.00,0,0
1621558275.975840,s3-eth1,5825706.00,70884.00,5896590.00,70884,5825706,1125.00,1074.00,2199.00,1074,1125,0.00,0.00,0,0
1621558275.975890,s3-eth2,70818.00,5808132.00,5878950.00,5808132,70818,1073.00,1122.00,2195.00,1122,1073,0.00,0.00,0,0
1621558275.975972,s2-eth1,5825706.00,70884.00,5896590.00,70884,5825706,1125.00,1074.00,2199.00,1074,1125,0.00,0.00,0,0
1621558275.976007,s1-eth1,5849138.00,70818.00,5919956.00,70818,5849138,1129.00,1073.00,2202.00,1073,1129,0.00,0.00,0,0
1621558275.976041,eth0,153.00,153.00,306.00,153,153,2.00,2.00,4.00,2,2,0.00,0.00,0,0
1621558275.976193,s2-eth2,70884.00,5825706.00,5896590.00,5825706,70884,1074.00,1125.00,2199.00,1125,1074,0.00,0.00,0,0
1621558275.976367,s1-eth2,70884.00,5825706.00,5896590.00,5825706,70884,1074.00,1125.00,2199.00,1125,1074,0.00,0.00,0,0
1621558275.976401,total,17713804.00,17672800.00,35386604.00,17672799,17713805,6611.00,6604.00,13215.00,6604,6611,0.00,0.00,0,0
1621558276.976600,lo,0.00,0.00,0.00,0,0,0.00,0.00,0.00,0,0,0.00,0.00,0,0
1621558276.976661,s3-eth1,5989916.00,65934.00,6055850.00,65934,5989916,1090.00,999.00,2089.00,999,1090,0.00,0.00,0,0
1621558276.976712,s3-eth2,66000.00,5989916.00,6055916.00,5989916,66000,1000.00,1090.00,2090.00,1090,1000,0.00,0.00,0,0
1621558276.976918,s2-eth1,5989916.00,65934.00,6055850.00,65934,5989916,1090.00,999.00,2089.00,999,1090,0.00,0.00,0,0
1621558276.976956,s1-eth1,5995774.00,65934.00,6061708.00,65934,5995774,1091.00,999.00,2090.00,999,1091,0.00,0.00,0,0
1621558276.976991,eth0,120.00,120.00,240.00,120,120,2.00,2.00,4.00,2,2,0.00,0.00,0,0
1621558276.977075,s2-eth2,65934.00,5989916.00,6055850.00,5989916,65934,999.00,1090.00,2089.00,1090,999,0.00,0.00,0,0
1621558276.977109,s1-eth2,65934.00,5989916.00,6055850.00,5989916,65934,999.00,1090.00,2089.00,1090,999,0.00,0.00,0,0
1621558276.977139,total,18173594.00,18167670.00,36341264.00,18167670,18173594,6271.00,6269.00,12540.00,6269,6271,0.00,0.00,0,0
1621558277.977443,lo,0.00,0.00,0.00,0,0,0.00,0.00,0.00,0,0,0.00,0.00,0,0
1621558277.977491,s3-eth1,5995774.00,66000.00,6061774.00,66000,5995774,1091.00,1000.00,2091.00,1000,1091,0.00,0.00,0,0
1621558277.977547,s3-eth2,66000.00,6001632.00,6067632.00,6001632,66000,1000.00,1092.00,2092.00,1092,1000,0.00,0.00,0,0
1621558277.977678,s2-eth1,5995774.00,65934.00,6061708.00,65934,5995774,1091.00,999.00,2090.00,999,1091,0.00,0.00,0,0
1621558277.977716,s1-eth1,5995774.00,66000.00,6061774.00,66000,5995774,1091.00,1000.00,2091.00,1000,1091,0.00,0.00,0,0
1621558277.977750,eth0,0.00,0.00,0.00,0,0,0.00,0.00,0.00,0,0,0.00,0.00,0,0
1621558277.977778,s2-eth2,66000.00,5995774.00,6061774.00,5995774,66000,1000.00,1091.00,2091.00,1091,1000,0.00,0.00,0,0
1621558277.977812,s1-eth2,66000.00,5995774.00,6061774.00,5995774,66000,1000.00,1091.00,2091.00,1091,1000,0.00,0.00,0,0
1621558277.977840,total,18185322.00,18191114.00,36376436.00,18191114,18185322,6273.00,6273.00,12546.00,6273,6273,0.00,0.00,0,0
1621558278.978133,lo,0.00,0.00,0.00,0,0,0.00,0.00,0.00,0,0,0.00,0.00,0,0
1621558278.978182,s3-eth1,5976686.00,65802.00,6042488.00,65802,5976686,1087.00,997.00,2084.00,997,1087,0.00,0.00,0,0
1621558278.978232,s3-eth2,65802.00,5978200.00,6044002.00,5978200,65802,997.00,1088.00,2085.00,1088,997,0.00,0.00,0,0
1621558278.978306,s2-eth1,5976686.00,65868.00,6042554.00,65868,5976686,1087.00,998.00,2085.00,998,1087,0.00,0.00,0,0
1621558278.978402,s1-eth1,5978200.00,65802.00,6044002.00,65802,5978200,1088.00,997.00,2085.00,997,1088,0.00,0.00,0,0
1621558278.978436,eth0,149.00,145.00,294.00,145,149,2.00,2.00,4.00,2,2,0.00,0.00,0,0
1621558278.978466,s2-eth2,65802.00,5976686.00,6042488.00,5976686,65802,997.00,1087.00,2084.00,1087,997,0.00,0.00,0,0
1621558278.978499,s1-eth2,65802.00,5976686.00,6042488.00,5976686,65802,997.00,1087.00,2084.00,1087,997,0.00,0.00,0,0
1621558278.978528,total,18129128.00,18129188.00,36258316.00,18129189,18129127,6255.00,6256.00,12511.00,6256,6255,0.00,0.00,0,0
1621558279.978941,lo,0.00,0.00,0.00,0,0,0.00,0.00,0.00,0,0,0.00,0.00,0,0
1621558279.978996,s3-eth1,5984058.00,65670.00,6049728.00,65670,5984058,1089.00,995.00,2084.00,995,1089,0.00,0.00,0,0
1621558279.979046,s3-eth2,65670.00,5976686.00,6042356.00,5976686,65670,995.00,1087.00,2082.00,1087,995,0.00,0.00,0,0
1621558279.979867,s2-eth1,5978080.00,65670.33,6043750.50,65736,5984058,1087.91,995.01,2082.92,996,1089,0.00,0.00,0,0
1621558279.979908,s1-eth1,5966376.00,65670.33,6032046.00,65736,5972342,1085.91,995.01,2080.92,996,1087,0.00,0.00,0,0
1621558279.979943,eth0,0.00,0.00,0.00,0,0,0.00,0.00,0.00,0,0,0.00,0.00,0,0
1621558279.979971,s2-eth2,65670.33,5978080.00,6043750.50,5984058,65736,995.01,1087.91,2082.92,1089,996,0.00,0.00,0,0
1621558279.980006,s1-eth2,65670.33,5978080.00,6043750.50,5984058,65736,995.01,1087.91,2082.92,1089,996,0.00,0.00,0,0
1621558279.980035,total,18119482.00,18123820.00,36243300.00,18141944,18137600,6245.75,6245.75,12491.51,6252,6252,0.00,0.00,0,0
1621558280.980747,lo,515.48,515.48,1030.97,516,516,8.99,8.99,17.98,9,9,0.00,0.00,0,0
1621558280.980933,s3-eth1,5995636.50,66000.00,6061636.50,66066,6001632,1090.91,1000.00,2090.91,1001,1092,0.00,0.00,0,0
1621558280.981036,s3-eth2,65934.07,5995636.50,6061570.50,6001632,66000,999.00,1090.91,2089.91,1092,1000,0.00,0.00,0,0
1621558280.981119,s2-eth1,6001488.50,66000.00,6067488.50,66066,6007490,1091.91,1000.00,2091.91,1001,1093,0.00,0.00,0,0
1621558280.981155,s1-eth1,5994124.00,65868.13,6059992.00,65934,6000118,1089.91,998.00,2087.91,999,1091,0.00,0.00,0,0
1621558280.981230,eth0,0.00,0.00,0.00,0,0,0.00,0.00,0.00,0,0,0.00,0.00,0,0
1621558280.981262,s2-eth2,65934.07,6001488.50,6067422.50,6007490,66000,999.00,1091.91,2090.91,1093,1000,0.00,0.00,0,0
1621558280.981302,s1-eth2,66000.00,6001488.50,6067488.50,6007490,66066,1000.00,1091.91,2091.91,1093,1001,0.00,0.00,0,0
1621558280.981332,total,18189632.00,18196998.00,36386632.00,18215194,18207822,6279.72,6281.72,12561.44,6288,6286,0.00,0.00,0,0
1621558281.981729,lo,1014.00,1014.00,2028.00,1014,1014,9.00,9.00,18.00,9,9,0.00,0.00,0,0
1621558281.981778,s3-eth1,5948390.00,67460.00,6015850.00,67460,5948390,1119.00,1022.00,2141.00,1022,1119,0.00,0.00,0,0
1621558281.981823,s3-eth2,67328.00,5948588.00,6015916.00,5948588,67328,1020.00,1122.00,2142.00,1122,1020,0.00,0.00,0,0
1621558281.981890,s2-eth1,5942334.00,67522.00,6009856.00,67522,5942334,1115.00,1023.00,2138.00,1023,1115,0.00,0.00,0,0
1621558281.981921,s1-eth1,5937462.00,67782.00,6005244.00,67782,5937462,1107.00,1027.00,2134.00,1027,1107,0.00,0.00,0,0
1621558281.981952,eth0,153.00,153.00,306.00,153,153,2.00,2.00,4.00,2,2,0.00,0.00,0,0
1621558281.981978,s2-eth2,67460.00,5942532.00,6009992.00,5942532,67460,1022.00,1118.00,2140.00,1118,1022,0.00,0.00,0,0
1621558281.982009,s1-eth2,67522.00,5942334.00,6009856.00,5942334,67522,1023.00,1115.00,2138.00,1115,1023,0.00,0.00,0,0
1621558281.982035,total,18031664.00,18037384.00,36069048.00,18037385,18031663,6417.00,6438.00,12855.00,6438,6417,0.00,0.00,0,0
1621558282.982334,lo,0.00,0.00,0.00,0,0,0.00,0.00,0.00,0,0,0.00,0.00,0,0
1621558282.982382,s3-eth1,5969450.00,70422.00,6039872.00,70422,5969450,1109.00,1067.00,2176.00,1067,1109,0.00,0.00,0,0
1621558282.982460,s3-eth2,70620.00,5969252.00,6039872.00,5969252,70620,1070.00,1106.00,2176.00,1106,1070,0.00,0.00,0,0
1621558282.982530,s2-eth1,5969648.00,70224.00,6039872.00,70224,5969648,1112.00,1064.00,2176.00,1064,1112,0.00,0.00,0,0
1621558282.982567,s1-eth1,5962804.00,70026.00,6032830.00,70026,5962804,1118.00,1061.00,2179.00,1061,1118,0.00,0.00,0,0
1621558282.982599,eth0,0.00,0.00,0.00,0,0,0.00,0.00,0.00,0,0,0.00,0.00,0,0
1621558282.982624,s2-eth2,70422.00,5969450.00,6039872.00,5969450,70422,1067.00,1109.00,2176.00,1109,1067,0.00,0.00,0,0
1621558282.982655,s1-eth2,70224.00,5969648.00,6039872.00,5969648,70224,1064.00,1112.00,2176.00,1112,1064,0.00,0.00,0,0
1621558282.982681,total,18113168.00,18119022.00,36232192.00,18119022,18113168,6540.00,6519.00,13059.00,6519,6540,0.00,0.00,0,0
1621558283.982900,lo,0.00,0.00,0.00,0,0,0.00,0.00,0.00,0,0,0.00,0.00,0,0
1621558283.982959,s3-eth1,5953254.00,65538.00,6018792.00,65538,5953254,1083.00,993.00,2076.00,993,1083,0.00,0.00,0,0
1621558283.983133,s3-eth2,65538.00,5953254.00,6018792.00,5953254,65538,993.00,1083.00,2076.00,1083,993,0.00,0.00,0,0
1621558283.983214,s2-eth1,5959112.00,65538.00,6024650.00,65538,5959112,1084.00,993.00,2077.00,993,1084,0.00,0.00,0,0
1621558283.983250,s1-eth1,5959182.00,65538.00,6024720.00,65538,5959182,1085.00,993.00,2078.00,993,1085,0.00,0.00,0,0
1621558283.983283,eth0,0.00,0.00,0.00,0,0,0.00,0.00,0.00,0,0,0.00,0.00,0,0
1621558283.983311,s2-eth2,65538.00,5959112.00,6024650.00,5959112,65538,993.00,1084.00,2077.00,1084,993,0.00,0.00,0,0
1621558283.983345,s1-eth2,65538.00,5959112.00,6024650.00,5959112,65538,993.00,1084.00,2077.00,1084,993,0.00,0.00,0,0
1621558283.983373,total,18068162.00,18068092.00,36136256.00,18068092,18068162,6231.00,6230.00,12461.00,6230,6231,0.00,0.00,0,0
1621558284.984023,lo,0.00,0.00,0.00,0,0,0.00,0.00,0.00,0,0,0.00,0.00,0,0
1621558284.984073,s3-eth1,5966376.00,65604.40,6031980.00,65670,5972342,1085.91,994.01,2079.92,995,1087,0.00,0.00,0,0
1621558284.984122,s3-eth2,65670.00,5972342.00,6038012.00,5972342,65670,995.00,1087.00,2082.00,1087,995,0.00,0.00,0,0
1621558284.984214,s2-eth1,5953254.00,65670.00,6018924.00,65670,5953254,1083.00,995.00,2078.00,995,1083,0.00,0.00,0,0
1621558284.984249,s1-eth1,5953254.00,65670.00,6018924.00,65670,5953254,1083.00,995.00,2078.00,995,1083,0.00,0.00,0,0
1621558284.984283,eth0,0.00,0.00,0.00,0,0,0.00,0.00,0.00,0,0,0.00,0.00,0,0
1621558284.984310,s2-eth2,65670.00,5966484.00,6032154.00,5966484,65670,995.00,1086.00,2081.00,1086,995,0.00,0.00,0,0
1621558284.984344,s1-eth2,65670.00,5953254.00,6018924.00,5953254,65670,995.00,1083.00,2078.00,1083,995,0.00,0.00,0,0
1621558284.984373,total,18057802.00,18071020.00,36128824.00,18089090,18075860,6231.77,6234.77,12466.53,6241,6238,0.00,0.00,0,0
1621558285.984637,lo,3214.00,3214.00,6428.00,3214,3214,30.00,30.00,60.00,30,30,0.00,0.00,0,0
1621558285.984690,s3-eth1,5947536.00,65410.00,6012946.00,65410,5947536,1084.00,991.00,2075.00,991,1084,0.00,0.00,0,0
1621558285.984739,s3-eth2,65410.00,5947466.00,6012876.00,5947466,65410,991.00,1083.00,2074.00,1083,991,0.00,0.00,0,0
1621558285.984814,s2-eth1,5924174.00,65476.00,5989650.00,65476,5924174,1081.00,992.00,2073.00,992,1081,0.00,0.00,0,0
1621558285.984849,s1-eth1,5930032.00,65476.00,5995508.00,65476,5930032,1082.00,992.00,2074.00,992,1082,0.00,0.00,0,0
1621558285.984882,eth0,0.00,0.00,0.00,0,0,0.00,0.00,0.00,0,0,0.00,0.00,0,0
1621558285.984910,s2-eth2,65410.00,5947536.00,6012946.00,5947536,65410,991.00,1084.00,2075.00,1084,991,0.00,0.00,0,0
1621558285.984944,s1-eth2,65476.00,5924174.00,5989650.00,5924174,65476,992.00,1081.00,2073.00,1081,992,0.00,0.00,0,0
1621558285.984973,total,18001252.00,18018752.00,36020004.00,18018752,18001252,6251.00,6253.00,12504.00,6253,6251,0.00,0.00,0,0
1621558286.985153,lo,3348.00,3348.00,6696.00,3348,3348,18.00,18.00,36.00,18,18,0.00,0.00,0,0
1621558286.985210,s3-eth1,5984238.00,66294.00,6050532.00,66294,5984238,1090.00,1001.00,2091.00,1001,1090,0.00,0.00,0,0
1621558286.985313,s3-eth2,66294.00,5984058.00,6050352.00,5984058,66294,1001.00,1089.00,2090.00,1089,1001,0.00,0.00,0,0
1621558286.985390,s2-eth1,5984418.00,66048.00,6050466.00,66048,5984418,1091.00,999.00,2090.00,999,1091,0.00,0.00,0,0
1621558286.985425,s1-eth1,5990456.00,65934.00,6056390.00,65934,5990456,1093.00,999.00,2092.00,999,1093,0.00,0.00,0,0
1621558286.985460,eth0,120.00,120.00,240.00,120,120,2.00,2.00,4.00,2,2,0.00,0.00,0,0
1621558286.985585,s2-eth2,66294.00,5984238.00,6050532.00,5984238,66294,1001.00,1090.00,2091.00,1090,1001,0.00,0.00,0,0
1621558286.985621,s1-eth2,66048.00,5984418.00,6050466.00,5984418,66048,999.00,1091.00,2090.00,1091,999,0.00,0.00,0,0
1621558286.985742,total,18161216.00,18154458.00,36315672.00,18154458,18161216,6295.00,6289.00,12584.00,6289,6295,0.00,0.00,0,0
1621558287.986227,lo,0.00,0.00,0.00,0,0,0.00,0.00,0.00,0,0,0.00,0.00,0,0
1621558287.986290,s3-eth1,5935602.50,64879.12,6000481.50,64944,5941538,1079.92,983.02,2062.94,984,1081,0.00,0.00,0,0
1621558287.986437,s3-eth2,65128.87,5935602.50,6000731.50,5941538,65194,985.02,1079.92,2064.94,1081,986,0.00,0.00,0,0
1621558287.986639,s2-eth1,5935602.50,64945.06,6000547.50,65010,5941538,1079.92,984.02,2063.94,985,1081,0.00,0.00,0,0
1621558287.986674,s1-eth1,5923898.50,64879.12,5988777.50,64944,5929822,1077.92,983.02,2060.94,984,1079,0.00,0.00,0,0
1621558287.986709,eth0,152.85,152.85,305.69,153,153,2.00,2.00,4.00,2,2,0.00,0.00,0,0
1621558287.986739,s2-eth2,65010.99,5941454.50,6006465.50,5947396,65076,985.02,1080.92,2065.93,1082,986,0.00,0.00,0,0
1621558287.986774,s1-eth2,64945.06,5935602.50,6000547.50,5941538,65010,984.02,1079.92,2063.94,1081,985,0.00,0.00,0,0
1621558287.986803,total,17990342.00,18007516.00,35997860.00,18025523,18008331,6193.81,6192.81,12386.61,6199,6200,0.00,0.00,0,0
1621558288.987155,lo,0.00,0.00,0.00,0,0,0.00,0.00,0.00,0,0,0.00,0.00,0,0
1621558288.987242,s3-eth1,5904876.00,64680.00,5969556.00,64680,5904876,1074.00,980.00,2054.00,980,1074,0.00,0.00,0,0
1621558288.987294,s3-eth2,64680.00,5904876.00,5969556.00,5904876,64680,980.00,1074.00,2054.00,1074,980,0.00,0.00,0,0
1621558288.987373,s2-eth1,5881444.00,64614.00,5946058.00,64614,5881444,1070.00,979.00,2049.00,979,1070,0.00,0.00,0,0
1621558288.987419,s1-eth1,5881444.00,64680.00,5946124.00,64680,5881444,1070.00,980.00,2050.00,980,1070,0.00,0.00,0,0
1621558288.987454,eth0,0.00,0.00,0.00,0,0,0.00,0.00,0.00,0,0,0.00,0.00,0,0
1621558288.987481,s2-eth2,64548.00,5899018.00,5963566.00,5899018,64548,978.00,1073.00,2051.00,1073,978,0.00,0.00,0,0
1621558288.987516,s1-eth2,64614.00,5881444.00,5946058.00,5881444,64614,979.00,1070.00,2049.00,1070,979,0.00,0.00,0,0
1621558288.987544,total,17861606.00,17879312.00,35740920.00,17879312,17861606,6151.00,6156.00,12307.00,6156,6151,0.00,0.00,0,0
1621558289.987935,lo,0.00,0.00,0.00,0,0,0.00,0.00,0.00,0,0,0.00,0.00,0,0
1621558289.987985,s3-eth1,5954768.00,65670.00,6020438.00,65670,5954768,1084.00,995.00,2079.00,995,1084,0.00,0.00,0,0
1621558289.988035,s3-eth2,65670.00,5960626.00,6026296.00,5960626,65670,995.00,1085.00,2080.00,1085,995,0.00,0.00,0,0
1621558289.988113,s2-eth1,5966484.00,65670.00,6032154.00,65670,5966484,1086.00,995.00,2081.00,995,1086,0.00,0.00,0,0
1621558289.988148,s1-eth1,5960626.00,65604.00,6026230.00,65604,5960626,1085.00,994.00,2079.00,994,1085,0.00,0.00,0,0
1621558289.988211,eth0,0.00,0.00,0.00,0,0,0.00,0.00,0.00,0,0,0.00,0.00,0,0
1621558289.988239,s2-eth2,65670.00,5960626.00,6026296.00,5960626,65670,995.00,1085.00,2080.00,1085,995,0.00,0.00,0,0
1621558289.988273,s1-eth2,65670.00,5966484.00,6032154.00,5966484,65670,995.00,1086.00,2081.00,1086,995,0.00,0.00,0,0
1621558289.988302,total,18078888.00,18084680.00,36163568.00,18084680,18078888,6240.00,6240.00,12480.00,6240,6240,0.00,0.00,0,0
1621558290.988559,lo,0.00,0.00,0.00,0,0,0.00,0.00,0.00,0,0,0.00,0.00,0,0
1621558290.988615,s3-eth1,5910734.00,65010.00,5975744.00,65010,5910734,1075.00,985.00,2060.00,985,1075,0.00,0.00,0,0
1621558290.988659,s3-eth2,65010.00,5904876.00,5969886.00,5904876,65010,985.00,1074.00,2059.00,1074,985,0.00,0.00,0,0
1621558290.988727,s2-eth1,5893160.00,65076.00,5958236.00,65076,5893160,1072.00,986.00,2058.00,986,1072,0.00,0.00,0,0
1621558290.988757,s1-eth1,5899018.00,65010.00,5964028.00,65010,5899018,1073.00,985.00,2058.00,985,1073,0.00,0.00,0,0
1621558290.988788,eth0,0.00,0.00,0.00,0,0,0.00,0.00,0.00,0,0,0.00,0.00,0,0
1621558290.988813,s2-eth2,65010.00,5904876.00,5969886.00,5904876,65010,985.00,1074.00,2059.00,1074,985,0.00,0.00,0,0
1621558290.988843,s1-eth2,65076.00,5893160.00,5958236.00,5893160,65076,986.00,1072.00,2058.00,1072,986,0.00,0.00,0,0
1621558290.988869,total,17898008.00,17898008.00,35796016.00,17898008,17898008,6176.00,6176.00,12352.00,6176,6176,0.00,0.00,0,0
1621558291.989105,lo,516.00,516.00,1032.00,516,516,9.00,9.00,18.00,9,9,0.00,0.00,0,0
1621558291.989220,s3-eth1,5900532.00,64944.00,5965476.00,64944,5900532,1074.00,984.00,2058.00,984,1074,0.00,0.00,0,0
1621558291.989275,s3-eth2,64944.00,5900532.00,5965476.00,5900532,64944,984.00,1074.00,2058.00,1074,984,0.00,0.00,0,0
1621558291.989345,s2-eth1,5900532.00,64878.00,5965410.00,64878,5900532,1074.00,983.00,2057.00,983,1074,0.00,0.00,0,0
1621558291.989376,s1-eth1,5900532.00,64944.00,5965476.00,64944,5900532,1074.00,984.00,2058.00,984,1074,0.00,0.00,0,0
1621558291.989407,eth0,0.00,0.00,0.00,0,0,0.00,0.00,0.00,0,0,0.00,0.00,0,0
1621558291.989431,s2-eth2,64944.00,5906390.00,5971334.00,5906390,64944,984.00,1075.00,2059.00,1075,984,0.00,0.00,0,0
1621558291.989462,s1-eth2,64878.00,5900532.00,5965410.00,5900532,64878,983.00,1074.00,2057.00,1074,983,0.00,0.00,0,0
1621558291.989488,total,17896878.00,17902736.00,35799616.00,17902736,17896878,6182.00,6183.00,12365.00,6183,6182,0.00,0.00,0,0
1621558292.989777,lo,0.00,0.00,0.00,0,0,0.00,0.00,0.00,0,0,0.00,0.00,0,0
1621558292.989823,s3-eth1,5970894.00,65736.00,6036630.00,65736,5970894,1087.00,996.00,2083.00,996,1087,0.00,0.00,0,0
1621558292.989944,s3-eth2,65670.00,5970894.00,6036564.00,5970894,65670,995.00,1087.00,2082.00,1087,995,0.00,0.00,0,0
1621558292.990024,s2-eth1,5970894.00,65736.00,6036630.00,65736,5970894,1087.00,996.00,2083.00,996,1087,0.00,0.00,0,0
1621558292.990065,s1-eth1,5970894.00,65736.00,6036630.00,65736,5970894,1087.00,996.00,2083.00,996,1087,0.00,0.00,0,0
1621558292.990105,eth0,0.00,0.00,0.00,0,0,0.00,0.00,0.00,0,0,0.00,0.00,0,0
1621558292.990131,s2-eth2,65736.00,5965036.00,6030772.00,5965036,65736,996.00,1086.00,2082.00,1086,996,0.00,0.00,0,0
1621558292.990162,s1-eth2,65736.00,5970894.00,6036630.00,5970894,65736,996.00,1087.00,2083.00,1087,996,0.00,0.00,0,0
1621558292.990187,total,18109824.00,18104032.00,36213856.00,18104032,18109824,6248.00,6248.00,12496.00,6248,6248,0.00,0.00,0,0
1621558293.990702,lo,0.00,0.00,0.00,0,0,0.00,0.00,0.00,0,0,0.00,0.00,0,0
1621558293.990751,s3-eth1,5953254.00,65472.00,6018726.00,65472,5953254,1083.00,992.00,2075.00,992,1083,0.00,0.00,0,0
1621558293.990800,s3-eth2,65538.00,5953254.00,6018792.00,5953254,65538,993.00,1083.00,2076.00,1083,993,0.00,0.00,0,0
1621558293.990973,s2-eth1,5953254.00,65472.00,6018726.00,65472,5953254,1083.00,992.00,2075.00,992,1083,0.00,0.00,0,0
1621558293.991012,s1-eth1,5953254.00,65472.00,6018726.00,65472,5953254,1083.00,992.00,2075.00,992,1083,0.00,0.00,0,0
1621558293.991046,eth0,153.00,153.00,306.00,153,153,2.00,2.00,4.00,2,2,0.00,0.00,0,0
1621558293.991076,s2-eth2,65472.00,5953254.00,6018726.00,5953254,65472,992.00,1083.00,2075.00,1083,992,0.00,0.00,0,0
1621558293.991110,s1-eth2,65472.00,5953254.00,6018726.00,5953254,65472,992.00,1083.00,2075.00,1083,992,0.00,0.00,0,0
1621558293.991139,total,18056396.00,18056332.00,36112728.00,18056331,18056397,6228.00,6227.00,12455.00,6227,6228,0.00,0.00,0,0
1621558294.991344,lo,0.00,0.00,0.00,0,0,0.00,0.00,0.00,0,0,0.00,0.00,0,0
1621558294.991403,s3-eth1,5978200.00,65868.00,6044068.00,65868,5978200,1088.00,998.00,2086.00,998,1088,0.00,0.00,0,0
1621558294.991453,s3-eth2,65868.00,5989916.00,6055784.00,5989916,65868,998.00,1090.00,2088.00,1090,998,0.00,0.00,0,0
1621558294.991529,s2-eth1,5984058.00,65868.00,6049926.00,65868,5984058,1089.00,998.00,2087.00,998,1089,0.00,0.00,0,0
1621558294.991563,s1-eth1,5981162.00,65868.00,6047030.00,65868,5981162,1089.00,998.00,2087.00,998,1089,0.00,0.00,0,0
1621558294.991683,eth0,0.00,0.00,0.00,0,0,0.00,0.00,0.00,0,0,0.00,0.00,0,0
1621558294.991710,s2-eth2,65868.00,5978200.00,6044068.00,5978200,65868,998.00,1088.00,2086.00,1088,998,0.00,0.00,0,0
1621558294.991744,s1-eth2,65868.00,5984058.00,6049926.00,5984058,65868,998.00,1089.00,2087.00,1089,998,0.00,0.00,0,0
1621558294.991773,total,18141024.00,18149778.00,36290800.00,18149778,18141024,6260.00,6261.00,12521.00,6261,6260,0.00,0.00,0,0
1621558295.992116,lo,0.00,0.00,0.00,0,0,0.00,0.00,0.00,0,0,0.00,0.00,0,0
1621558295.992166,s3-eth1,5989916.00,65934.00,6055850.00,65934,5989916,1090.00,999.00,2089.00,999,1090,0.00,0.00,0,0
1621558295.992216,s3-eth2,65934.00,6001632.00,6067566.00,6001632,65934,999.00,1092.00,2091.00,1092,999,0.00,0.00,0,0
1621558295.992293,s2-eth1,5989916.00,65934.00,6055850.00,65934,5989916,1090.00,999.00,2089.00,999,1090,0.00,0.00,0,0
1621558295.992327,s1-eth1,5986954.00,65934.00,6052888.00,65934,5986954,1089.00,999.00,2088.00,999,1089,0.00,0.00,0,0
1621558295.992362,eth0,0.00,0.00,0.00,0,0,0.00,0.00,0.00,0,0,0.00,0.00,0,0
1621558295.992390,s2-eth2,65934.00,5989916.00,6055850.00,5989916,65934,999.00,1090.00,2089.00,1090,999,0.00,0.00,0,0
1621558295.992425,s1-eth2,65934.00,5989916.00,6055850.00,5989916,65934,999.00,1090.00,2089.00,1090,999,0.00,0.00,0,0
1621558295.992454,total,18164588.00,18179266.00,36343856.00,18179266,18164588,6266.00,6269.00,12535.00,6269,6266,0.00,0.00,0,0
1621558296.992784,lo,516.00,516.00,1032.00,516,516,9.00,9.00,18.00,9,9,0.00,0.00,0,0
1621558296.992834,s3-eth1,5929822.00,65340.00,5995162.00,65340,5929822,1079.00,990.00,2069.00,990,1079,0.00,0.00,0,0
1621558296.992878,s3-eth2,65274.00,5918106.00,5983380.00,5918106,65274,989.00,1077.00,2066.00,1077,989,0.00,0.00,0,0
1621558296.992945,s2-eth1,5923964.00,65340.00,5989304.00,65340,5923964,1078.00,990.00,2068.00,990,1078,0.00,0.00,0,0
1621558296.992976,s1-eth1,5929822.00,65340.00,5995162.00,65340,5929822,1079.00,990.00,2069.00,990,1079,0.00,0.00,0,0
1621558296.993007,eth0,0.00,0.00,0.00,0,0,0.00,0.00,0.00,0,0,0.00,0.00,0,0
1621558296.993031,s2-eth2,65340.00,5929822.00,5995162.00,5929822,65340,990.00,1079.00,2069.00,1079,990,0.00,0.00,0,0
1621558296.993072,s1-eth2,65340.00,5923964.00,5989304.00,5923964,65340,990.00,1078.00,2068.00,1078,990,0.00,0.00,0,0
1621558296.993098,total,17980078.00,17968428.00,35948504.00,17968428,17980078,6214.00,6213.00,12427.00,6213,6214,0.00,0.00,0,0
1621558297.993582,lo,0.00,0.00,0.00,0,0,0.00,0.00,0.00,0,0,0.00,0.00,0,0
1621558297.993632,s3-eth1,5959178.00,65736.00,6024914.00,65736,5959178,1085.00,996.00,2081.00,996,1085,0.00,0.00,0,0
1621558297.993681,s3-eth2,65736.00,5966550.00,6032286.00,5966550,65736,996.00,1087.00,2083.00,1087,996,0.00,0.00,0,0
1621558297.993756,s2-eth1,5957730.00,65670.00,6023400.00,65670,5957730,1085.00,995.00,2080.00,995,1085,0.00,0.00,0,0
1621558297.993791,s1-eth1,5964970.00,65670.00,6030640.00,65670,5964970,1085.00,995.00,2080.00,995,1085,0.00,0.00,0,0
1621558297.993825,eth0,120.00,120.00,240.00,120,120,2.00,2.00,4.00,2,2,0.00,0.00,0,0
1621558297.993854,s2-eth2,65736.00,5959178.00,6024914.00,5959178,65736,996.00,1085.00,2081.00,1085,996,0.00,0.00,0,0
1621558297.993889,s1-eth2,65670.00,5957730.00,6023400.00,5957730,65670,995.00,1085.00,2080.00,1085,995,0.00,0.00,0,0
1621558297.993917,total,18079140.00,18080654.00,36159792.00,18080654,18079140,6244.00,6245.00,12489.00,6245,6244,0.00,0.00,0,0
1621558298.994274,lo,0.00,0.00,0.00,0,0,0.00,0.00,0.00,0,0,0.00,0.00,0,0
1621558298.994360,s3-eth1,5862302.00,71808.00,5934110.00,71808,5862302,1131.00,1088.00,2219.00,1088,1131,0.00,0.00,0,0
1621558298.994414,s3-eth2,71874.00,5854930.00,5926804.00,5854930,71874,1089.00,1129.00,2218.00,1129,1089,0.00,0.00,0,0
1621558298.994490,s2-eth1,5863750.00,72006.00,5935756.00,72006,5863750,1131.00,1091.00,2222.00,1091,1131,0.00,0.00,0,0
1621558298.994525,s1-eth1,5868226.00,72006.00,5940232.00,72006,5868226,1133.00,1091.00,2224.00,1091,1133,0.00,0.00,0,0
1621558298.994559,eth0,0.00,0.00,0.00,0,0,0.00,0.00,0.00,0,0,0.00,0.00,0,0
1621558298.994586,s2-eth2,71874.00,5862302.00,5934176.00,5862302,71874,1089.00,1131.00,2220.00,1131,1089,0.00,0.00,0,0
1621558298.994621,s1-eth2,72006.00,5863750.00,5935756.00,5863750,72006,1091.00,1131.00,2222.00,1131,1091,0.00,0.00,0,0
1621558298.994649,total,17810032.00,17796802.00,35606832.00,17796802,17810032,6664.00,6661.00,13325.00,6661,6664,0.00,0.00,0,0
1621558299.994994,lo,0.00,0.00,0.00,0,0,0.00,0.00,0.00,0,0,0.00,0.00,0,0
1621558299.995047,s3-eth1,5918106.00,65340.00,5983446.00,65340,5918106,1077.00,990.00,2067.00,990,1077,0.00,0.00,0,0
1621558299.995096,s3-eth2,65340.00,5906390.00,5971730.00,5906390,65340,990.00,1075.00,2065.00,1075,990,0.00,0.00,0,0
1621558299.995181,s2-eth1,5918106.00,65208.00,5983314.00,65208,5918106,1077.00,988.00,2065.00,988,1077,0.00,0.00,0,0
1621558299.995212,s1-eth1,5912248.00,65208.00,5977456.00,65208,5912248,1076.00,988.00,2064.00,988,1076,0.00,0.00,0,0
1621558299.995243,eth0,153.00,153.00,306.00,153,153,2.00,2.00,4.00,2,2,0.00,0.00,0,0
1621558299.995269,s2-eth2,65274.00,5923964.00,5989238.00,5923964,65274,989.00,1078.00,2067.00,1078,989,0.00,0.00,0,0
1621558299.995300,s1-eth2,65208.00,5918106.00,5983314.00,5918106,65208,988.00,1077.00,2065.00,1077,988,0.00,0.00,0,0
1621558299.995326,total,17944436.00,17944368.00,35888804.00,17944369,17944435,6199.00,6198.00,12397.00,6198,6199,0.00,0.00,0,0
1621558300.995883,lo,0.00,0.00,0.00,0,0,0.00,0.00,0.00,0,0,0.00,0.00,0,0
1621558300.995965,s3-eth1,5916592.00,65142.00,5981734.00,65142,5916592,1076.00,987.00,2063.00,987,1076,0.00,0.00,0,0
1621558300.996045,s3-eth2,65142.00,5916592.00,5981734.00,5916592,65142,987.00,1076.00,2063.00,1076,987,0.00,0.00,0,0
1621558300.996154,s2-eth1,5916592.00,65208.00,5981800.00,65208,5916592,1076.00,988.00,2064.00,988,1076,0.00,0.00,0,0
1621558300.996193,s1-eth1,5910734.00,65208.00,5975942.00,65208,5910734,1075.00,988.00,2063.00,988,1075,0.00,0.00,0,0
1621558300.996254,eth0,0.00,0.00,0.00,0,0,0.00,0.00,0.00,0,0,0.00,0.00,0,0
1621558300.996282,s2-eth2,65142.86,5904829.50,5969972.00,5910734,65208,987.01,1073.93,2060.94,1075,988,0.00,0.00,0,0
1621558300.996317,s1-eth2,65142.86,5910681.50,5975824.50,5916592,65208,987.01,1074.93,2061.94,1076,988,0.00,0.00,0,0
1621558300.996357,total,17921554.00,17921554.00,35843108.00,17939476,17939476,6183.82,6183.82,12367.63,6190,6190,0.00,0.00,0,0
1621558301.996690,lo,516.00,516.00,1032.00,516,516,9.00,9.00,18.00,9,9,0.00,0.00,0,0
1621558301.996746,s3-eth1,5894674.00,65010.00,5959684.00,65010,5894674,1073.00,985.00,2058.00,985,1073,0.00,0.00,0,0
1621558301.996801,s3-eth2,65010.00,5894674.00,5959684.00,5894674,65010,985.00,1073.00,2058.00,1073,985,0.00,0.00,0,0
1621558301.996869,s2-eth1,5894674.00,64944.00,5959618.00,64944,5894674,1073.00,984.00,2057.00,984,1073,0.00,0.00,0,0
1621558301.996900,s1-eth1,5894674.00,64944.00,5959618.00,64944,5894674,1073.00,984.00,2057.00,984,1073,0.00,0.00,0,0
1621558301.996931,eth0,0.00,0.00,0.00,0,0,0.00,0.00,0.00,0,0,0.00,0.00,0,0
1621558301.996955,s2-eth2,64944.00,5894674.00,5959618.00,5894674,64944,984.00,1073.00,2057.00,1073,984,0.00,0.00,0,0
1621558301.996986,s1-eth2,64944.00,5894674.00,5959618.00,5894674,64944,984.00,1073.00,2057.00,1073,984,0.00,0.00,0,0
1621558301.997011,total,17879436.00,17879436.00,35758872.00,17879436,17879436,6181.00,6181.00,12362.00,6181,6181,0.00,0.00,0,0
1621558302.997201,lo,932.00,932.00,1864.00,932,932,10.00,10.00,20.00,10,10,0.00,0.00,0,0
1621558302.997253,s3-eth1,5995774.00,66000.00,6061774.00,66000,5995774,1091.00,1000.00,2091.00,1000,1091,0.00,0.00,0,0
1621558302.997302,s3-eth2,66000.00,5995774.00,6061774.00,5995774,66000,1000.00,1091.00,2091.00,1091,1000,0.00,0.00,0,0
1621558302.997377,s2-eth1,5995774.00,66042.00,6061816.00,66042,5995774,1091.00,1001.00,2092.00,1001,1091,0.00,0.00,0,0
1621558302.997482,s1-eth1,5995774.00,66042.00,6061816.00,66042,5995774,1091.00,1001.00,2092.00,1001,1091,0.00,0.00,0,0
1621558302.997521,eth0,0.00,0.00,0.00,0,0,0.00,0.00,0.00,0,0,0.00,0.00,0,0
1621558302.997548,s2-eth2,66000.00,5995774.00,6061774.00,5995774,66000,1000.00,1091.00,2091.00,1091,1000,0.00,0.00,0,0
1621558302.997583,s1-eth2,66042.00,5995774.00,6061816.00,5995774,66042,1001.00,1091.00,2092.00,1091,1001,0.00,0.00,0,0
1621558302.997612,total,18186296.00,18186338.00,36372632.00,18186338,18186296,6284.00,6285.00,12569.00,6285,6284,0.00,0.00,0,0
1621558303.999031,lo,465.53,465.53,931.07,466,466,5.00,5.00,9.99,5,5,0.00,0.00,0,0
1621558303.999198,s3-eth1,5983974.00,65844.16,6049818.50,65910,5989958,1089.91,998.00,2087.91,999,1091,0.00,0.00,0,0
1621558303.999296,s3-eth2,65844.16,5989826.50,6055670.50,5995816,65910,998.00,1090.91,2088.91,1092,999,0.00,0.00,0,0
1621558303.999377,s2-eth1,5995678.50,65868.13,6061546.50,65934,6001674,1091.91,998.00,2089.91,999,1093,0.00,0.00,0,0
1621558303.999412,s1-eth1,5995678.50,65934.07,6061612.50,66000,6001674,1091.91,999.00,2090.91,1000,1093,0.00,0.00,0,0
1621558303.999446,eth0,0.00,0.00,0.00,0,0,0.00,0.00,0.00,0,0,0.00,0.00,0,0
1621558303.999474,s2-eth2,65910.09,5995678.50,6061588.50,6001674,65976,999.00,1091.91,2090.91,1093,1000,0.00,0.00,0,0
1621558303.999509,s1-eth2,65868.13,5995678.50,6061546.50,6001674,65934,998.00,1091.91,2089.91,1093,999,0.00,0.00,0,0
1621558303.999538,total,18173420.00,18179296.00,36352712.00,18197474,18191592,6273.73,6274.73,12548.45,6281,6280,0.00,0.00,0,0
1621558304.999725,lo,0.00,0.00,0.00,0,0,0.00,0.00,0.00,0,0,0.00,0.00,0,0
1621558304.999771,s3-eth1,6030922.00,66396.00,6097318.00,66396,6030922,1097.00,1006.00,2103.00,1006,1097,0.00,0.00,0,0
1621558304.999815,s3-eth2,66330.00,6025064.00,6091394.00,6025064,66330,1005.00,1096.00,2101.00,1096,1005,0.00,0.00,0,0
1621558304.999883,s2-eth1,6019206.00,66330.00,6085536.00,66330,6019206,1095.00,1005.00,2100.00,1005,1095,0.00,0.00,0,0
1621558304.999914,s1-eth1,6019206.00,66264.00,6085470.00,66264,6019206,1095.00,1004.00,2099.00,1004,1095,0.00,0.00,0,0
1621558304.999945,eth0,0.00,0.00,0.00,0,0,0.00,0.00,0.00,0,0,0.00,0.00,0,0
1621558304.999969,s2-eth2,66330.00,6019206.00,6085536.00,6019206,66330,1005.00,1095.00,2100.00,1095,1005,0.00,0.00,0,0
1621558305.000000,s1-eth2,66330.00,6019206.00,6085536.00,6019206,66330,1005.00,1095.00,2100.00,1095,1005,0.00,0.00,0,0
1621558305.000026,total,18250074.00,18244222.00,36494300.00,18262466,18268324,6295.70,6294.71,12590.41,6301,6302,0.00,0.00,0,0
1621558306.000620,lo,0.00,0.00,0.00,0,0,0.00,0.00,0.00,0,0,0.00,0.00,0,0
1621558306.000665,s3-eth1,5927590.50,71670.33,5999261.00,71742,5933518,1133.87,1085.91,2219.78,1087,1135,0.00,0.00,0,0
1621558306.000710,s3-eth2,71736.27,5927590.50,5999327.00,5933518,71808,1086.91,1133.87,2220.78,1135,1088,0.00,0.00,0,0
1621558306.000778,s2-eth1,5933442.50,71670.33,6005113.00,71742,5939376,1134.87,1085.91,2220.78,1087,1136,0.00,0.00,0,0
1621558306.000809,s1-eth1,5927590.50,71670.33,5999261.00,71742,5933518,1133.87,1085.91,2219.78,1087,1135,0.00,0.00,0,0
1621558306.000840,eth0,152.85,152.85,305.69,153,153,2.00,2.00,4.00,2,2,0.00,0.00,0,0
1621558306.000868,s2-eth2,71670.33,5927590.50,5999261.00,5933518,71742,1085.91,1133.87,2219.78,1135,1087,0.00,0.00,0,0
1621558306.000899,s1-eth2,71670.33,5933442.50,6005113.00,5939376,71742,1085.91,1134.87,2220.78,1136,1087,0.00,0.00,0,0
1621558306.000925,total,18021856.00,18021792.00,36043648.00,18021791,18021857,6670.00,6669.00,13339.00,6669,6670,0.00,0.00,0,0
1621558307.001187,lo,0.00,0.00,0.00,0,0,0.00,0.00,0.00,0,0,0.00,0.00,0,0
1621558307.001238,s3-eth1,5941538.00,65274.00,6006812.00,65274,5941538,1081.00,989.00,2070.00,989,1081,0.00,0.00,0,0
1621558307.001288,s3-eth2,65274.00,5941538.00,6006812.00,5941538,65274,989.00,1081.00,2070.00,1081,989,0.00,0.00,0,0
1621558307.001478,s2-eth1,5935680.00,65274.00,6000954.00,65274,5935680,1080.00,989.00,2069.00,989,1080,0.00,0.00,0,0
1621558307.001517,s1-eth1,5941538.00,65340.00,6006878.00,65340,5941538,1081.00,990.00,2071.00,990,1081,0.00,0.00,0,0
1621558307.001551,eth0,0.00,0.00,0.00,0,0,0.00,0.00,0.00,0,0,0.00,0.00,0,0
1621558307.001579,s2-eth2,65274.00,5941538.00,6006812.00,5941538,65274,989.00,1081.00,2070.00,1081,989,0.00,0.00,0,0
1621558307.001613,s1-eth2,65274.00,5935680.00,6000954.00,5935680,65274,989.00,1080.00,2069.00,1080,989,0.00,0.00,0,0
1621558307.001642,total,18014578.00,18014644.00,36029224.00,18014644,18014578,6209.00,6210.00,12419.00,6210,6209,0.00,0.00,0,0
1621558308.001891,lo,344.00,344.00,688.00,344,344,6.00,6.00,12.00,6,6,0.00,0.00,0,0
1621558308.001969,s3-eth1,5978200.00,65868.00,6044068.00,65868,5978200,1088.00,998.00,2086.00,998,1088,0.00,0.00,0,0
1621558308.002022,s3-eth2,65868.00,5984058.00,6049926.00,5984058,65868,998.00,1089.00,2087.00,1089,998,0.00,0.00,0,0
1621558308.002160,s2-eth1,5978200.00,65868.00,6044068.00,65868,5978200,1088.00,998.00,2086.00,998,1088,0.00,0.00,0,0
1621558308.002235,s1-eth1,5978200.00,65802.00,6044002.00,65802,5978200,1088.00,997.00,2085.00,997,1088,0.00,0.00,0,0
1621558308.002271,eth0,120.00,120.00,240.00,120,120,2.00,2.00,4.00,2,2,0.00,0.00,0,0
1621558308.002301,s2-eth2,65868.00,5978200.00,6044068.00,5978200,65868,998.00,1088.00,2086.00,1088,998,0.00,0.00,0,0
1621558308.002342,s1-eth2,65868.00,5978200.00,6044068.00,5978200,65868,998.00,1088.00,2086.00,1088,998,0.00,0.00,0,0
1621558308.002368,total,18132668.00,18138460.00,36271128.00,18138460,18132668,6266.00,6266.00,12532.00,6266,6266,0.00,0.00,0,0
1621558309.002896,lo,171.83,171.83,343.66,172,172,3.00,3.00,5.99,3,3,0.00,0.00,0,0
1621558309.002948,s3-eth1,5953254.00,65472.00,6018726.00,65472,5953254,1083.00,992.00,2075.00,992,1083,0.00,0.00,0,0
1621558309.002998,s3-eth2,65472.00,5959112.00,6024584.00,5959112,65472,992.00,1084.00,2076.00,1084,992,0.00,0.00,0,0
1621558309.003074,s2-eth1,5953254.00,65472.00,6018726.00,65472,5953254,1083.00,992.00,2075.00,992,1083,0.00,0.00,0,0
1621558309.003109,s1-eth1,5953254.00,65472.00,6018726.00,65472,5953254,1083.00,992.00,2075.00,992,1083,0.00,0.00,0,0
1621558309.003143,eth0,0.00,0.00,0.00,0,0,0.00,0.00,0.00,0,0,0.00,0.00,0,0
1621558309.003171,s2-eth2,65472.00,5953254.00,6018726.00,5953254,65472,992.00,1083.00,2075.00,1083,992,0.00,0.00,0,0
1621558309.003205,s1-eth2,65472.00,5953254.00,6018726.00,5953254,65472,992.00,1083.00,2075.00,1083,992,0.00,0.00,0,0
1621558309.003234,total,18056350.00,18062208.00,36118560.00,18062208,18056350,6228.00,6229.00,12457.00,6229,6228,0.00,0.00,0,0
1621558310.003543,lo,0.00,0.00,0.00,0,0,0.00,0.00,0.00,0,0,0.00,0.00,0,0
1621558310.003593,s3-eth1,5929822.00,65406.00,5995228.00,65406,5929822,1079.00,991.00,2070.00,991,1079,0.00,0.00,0,0
1621558310.003659,s3-eth2,65340.00,5929822.00,5995162.00,5929822,65340,990.00,1079.00,2069.00,1079,990,0.00,0.00,0,0
1621558310.003728,s2-eth1,5929822.00,65406.00,5995228.00,65406,5929822,1079.00,991.00,2070.00,991,1079,0.00,0.00,0,0
1621558310.003759,s1-eth1,5929822.00,65406.00,5995228.00,65406,5929822,1079.00,991.00,2070.00,991,1079,0.00,0.00,0,0
1621558310.003790,eth0,0.00,0.00,0.00,0,0,0.00,0.00,0.00,0,0,0.00,0.00,0,0
1621558310.003814,s2-eth2,65406.00,5929822.00,5995228.00,5929822,65406,991.00,1079.00,2070.00,1079,991,0.00,0.00,0,0
1621558310.003845,s1-eth2,65406.00,5929822.00,5995228.00,5929822,65406,991.00,1079.00,2070.00,1079,991,0.00,0.00,0,0
1621558310.003871,total,17985618.00,17985684.00,35971304.00,17985684,17985618,6209.00,6210.00,12419.00,6210,6209,0.00,0.00,0,0
1621558311.004967,lo,337.66,337.66,675.32,338,338,3.00,3.00,5.99,3,3,0.00,0.00,0,0
1621558311.005044,s3-eth1,5947307.00,65476.52,6012783.50,65542,5953254,1081.92,992.01,2073.93,993,1083,0.00,0.00,0,0
1621558311.005104,s3-eth2,65542.46,5953159.00,6018701.50,5959112,65608,993.01,1082.92,2075.92,1084,994,0.00,0.00,0,0
1621558311.005173,s2-eth1,5947307.00,65406.59,6012713.50,65472,5953254,1081.92,991.01,2072.93,992,1083,0.00,0.00,0,0
1621558311.005205,s1-eth1,5947307.00,65472.53,6012779.50,65538,5953254,1081.92,992.01,2073.93,993,1083,0.00,0.00,0,0
1621558311.005236,eth0,0.00,0.00,0.00,0,0,0.00,0.00,0.00,0,0,0.00,0.00,0,0
1621558311.005260,s2-eth2,65476.52,5947307.00,6012783.50,5953254,65542,992.01,1081.92,2073.93,1083,993,0.00,0.00,0,0
1621558311.005291,s1-eth2,65406.59,5947307.00,6012713.50,5953254,65472,991.01,1081.92,2072.93,1083,992,0.00,0.00,0,0
1621558311.005317,total,18038684.00,18044466.00,36083148.00,18062510,18056722,6224.78,6224.78,12449.55,6231,6231,0.00,0.00,0,0
1621558312.005799,lo,0.00,0.00,0.00,0,0,0.00,0.00,0.00,0,0,0.00,0.00,0,0
1621558312.005861,s3-eth1,5852154.00,64482.00,5916636.00,64482,5852154,1065.00,977.00,2042.00,977,1065,0.00,0.00,0,0
1621558312.005943,s3-eth2,64482.00,5834580.00,5899062.00,5834580,64482,977.00,1062.00,2039.00,1062,977,0.00,0.00,0,0
1621558312.006137,s2-eth1,5852154.00,64482.00,5916636.00,64482,5852154,1065.00,977.00,2042.00,977,1065,0.00,0.00,0,0
1621558312.006178,s1-eth1,5852154.00,64416.00,5916570.00,64416,5852154,1065.00,976.00,2041.00,976,1065,0.00,0.00,0,0
1621558312.006212,eth0,153.00,153.00,306.00,153,153,2.00,2.00,4.00,2,2,0.00,0.00,0,0
1621558312.006242,s2-eth2,64548.00,5858012.00,5922560.00,5858012,64548,978.00,1066.00,2044.00,1066,978,0.00,0.00,0,0
1621558312.006278,s1-eth2,64482.00,5858012.00,5922494.00,5858012,64482,977.00,1066.00,2043.00,1066,977,0.00,0.00,0,0
1621558312.006306,total,17750128.00,17744136.00,35494264.00,17744137,17750127,6129.00,6126.00,12255.00,6126,6129,0.00,0.00,0,0
1621558313.006666,lo,848.00,848.00,1696.00,848,848,9.00,9.00,18.00,9,9,0.00,0.00,0,0
1621558313.006720,s3-eth1,5953254.00,65542.00,6018796.00,65542,5953254,1083.00,993.00,2076.00,993,1083,0.00,0.00,0,0
1621558313.006781,s3-eth2,65542.00,5953254.00,6018796.00,5953254,65542,993.00,1083.00,2076.00,1083,993,0.00,0.00,0,0
1621558313.006857,s2-eth1,5953254.00,65542.00,6018796.00,65542,5953254,1083.00,993.00,2076.00,993,1083,0.00,0.00,0,0
1621558313.006892,s1-eth1,5953254.00,65472.00,6018726.00,65472,5953254,1083.00,992.00,2075.00,992,1083,0.00,0.00,0,0
1621558313.006926,eth0,0.00,0.00,0.00,0,0,0.00,0.00,0.00,0,0,0.00,0.00,0,0
1621558313.006954,s2-eth2,65476.00,5947396.00,6012872.00,5947396,65476,992.00,1082.00,2074.00,1082,992,0.00,0.00,0,0
1621558313.006995,s1-eth2,65542.00,5947396.00,6012938.00,5947396,65542,993.00,1082.00,2075.00,1082,993,0.00,0.00,0,0
1621558313.007021,total,18057170.00,18045450.00,36102620.00,18045450,18057170,6236.00,6234.00,12470.00,6234,6236,0.00,0.00,0,0
1621558314.007183,lo,0.00,0.00,0.00,0,0,0.00,0.00,0.00,0,0,0.00,0.00,0,0
1621558314.007263,s3-eth1,5918106.00,65274.00,5983380.00,65274,5918106,1077.00,989.00,2066.00,989,1077,0.00,0.00,0,0
1621558314.007360,s3-eth2,65274.00,5918106.00,5983380.00,5918106,65274,989.00,1077.00,2066.00,1077,989,0.00,0.00,0,0
1621558314.007505,s2-eth1,5923964.00,65274.00,5989238.00,65274,5923964,1078.00,989.00,2067.00,989,1078,0.00,0.00,0,0
1621558314.007543,s1-eth1,5923964.00,65274.00,5989238.00,65274,5923964,1078.00,989.00,2067.00,989,1078,0.00,0.00,0,0
1621558314.007619,eth0,0.00,0.00,0.00,0,0,0.00,0.00,0.00,0,0,0.00,0.00,0,0
1621558314.007649,s2-eth2,65274.00,5918106.00,5983380.00,5918106,65274,989.00,1077.00,2066.00,1077,989,0.00,0.00,0,0
1621558314.007684,s1-eth2,65274.00,5923964.00,5989238.00,5923964,65274,989.00,1078.00,2067.00,1078,989,0.00,0.00,0,0
1621558314.007713,total,17961856.00,17955998.00,35917856.00,17955998,17961856,6200.00,6199.00,12399.00,6199,6200,0.00,0.00,0,0
1621558315.008029,lo,0.00,0.00,0.00,0,0,0.00,0.00,0.00,0,0,0.00,0.00,0,0
1621558315.008078,s3-eth1,5850640.00,64416.00,5915056.00,64416,5850640,1064.00,976.00,2040.00,976,1064,0.00,0.00,0,0
1621558315.008127,s3-eth2,64482.00,5852154.00,5916636.00,5852154,64482,977.00,1065.00,2042.00,1065,977,0.00,0.00,0,0
1621558315.008203,s2-eth1,5852154.00,64416.00,5916570.00,64416,5852154,1065.00,976.00,2041.00,976,1065,0.00,0.00,0,0
1621558315.008238,s1-eth1,5852154.00,64482.00,5916636.00,64482,5852154,1065.00,977.00,2042.00,977,1065,0.00,0.00,0,0
1621558315.008272,eth0,0.00,0.00,0.00,0,0,0.00,0.00,0.00,0,0,0.00,0.00,0,0
1621558315.008299,s2-eth2,64416.00,5850640.00,5915056.00,5850640,64416,976.00,1064.00,2040.00,1064,976,0.00,0.00,0,0
1621558315.008334,s1-eth2,64416.00,5852154.00,5916570.00,5852154,64416,976.00,1065.00,2041.00,1065,976,0.00,0.00,0,0
1621558315.008362,total,17748262.00,17748262.00,35496524.00,17748262,17748262,6123.00,6123.00,12246.00,6123,6123,0.00,0.00,0,0
1621558316.008924,lo,0.00,0.00,0.00,0,0,0.00,0.00,0.00,0,0,0.00,0.00,0,0
1621558316.008974,s3-eth1,5972342.00,65670.00,6038012.00,65670,5972342,1087.00,995.00,2082.00,995,1087,0.00,0.00,0,0
1621558316.009023,s3-eth2,65604.00,5970828.00,6036432.00,5970828,65604,994.00,1086.00,2080.00,1086,994,0.00,0.00,0,0
1621558316.009099,s2-eth1,5953254.00,65736.00,6018990.00,65736,5953254,1083.00,996.00,2079.00,996,1083,0.00,0.00,0,0
1621558316.009133,s1-eth1,5964970.00,65670.00,6030640.00,65670,5964970,1085.00,995.00,2080.00,995,1085,0.00,0.00,0,0
1621558316.009168,eth0,0.00,0.00,0.00,0,0,0.00,0.00,0.00,0,0,0.00,0.00,0,0
1621558316.009195,s2-eth2,65736.00,5972342.00,6038078.00,5972342,65736,996.00,1087.00,2083.00,1087,996,0.00,0.00,0,0
1621558316.009230,s1-eth2,65736.00,5953254.00,6018990.00,5953254,65736,996.00,1083.00,2079.00,1083,996,0.00,0.00,0,0
1621558316.009259,total,18087642.00,18093500.00,36181144.00,18093500,18087642,6241.00,6242.00,12483.00,6242,6241,0.00,0.00,0,0
1621558317.009464,lo,0.00,0.00,0.00,0,0,0.00,0.00,0.00,0,0,0.00,0.00,0,0
1621558317.009508,s3-eth1,5396348.00,59532.00,5455880.00,59532,5396348,982.00,902.00,1884.00,902,982,0.00,0.00,0,0
1621558317.009553,s3-eth2,59532.00,5372916.00,5432448.00,5372916,59532,902.00,978.00,1880.00,978,902,0.00,0.00,0,0
1621558317.009620,s2-eth1,5408064.00,59466.00,5467530.00,59466,5408064,984.00,901.00,1885.00,901,984,0.00,0.00,0,0
1621558317.009651,s1-eth1,5396418.00,59466.00,5455884.00,59466,5396418,983.00,901.00,1884.00,901,983,0.00,0.00,0,0
1621558317.009681,eth0,0.00,0.00,0.00,0,0,0.00,0.00,0.00,0,0,0.00,0.00,0,0
1621558317.009773,s2-eth2,59466.00,5396348.00,5455814.00,5396348,59466,901.00,982.00,1883.00,982,901,0.00,0.00,0,0
1621558317.009845,s1-eth2,59466.00,5408064.00,5467530.00,5408064,59466,901.00,984.00,1885.00,984,901,0.00,0.00,0,0
1621558317.009875,total,16379294.00,16355792.00,32735086.00,16355792,16379294,5653.00,5648.00,11301.00,5648,5653,0.00,0.00,0,0
1621558318.010145,lo,516.00,516.00,1032.00,516,516,9.00,9.00,18.00,9,9,0.00,0.00,0,0
1621558318.010210,s3-eth1,42586.00,5412.00,47998.00,5412,42586,9.00,82.00,91.00,82,9,0.00,0.00,0,0
1621558318.010253,s3-eth2,6072.00,66.00,6138.00,66,6072,92.00,1.00,93.00,1,92,0.00,0.00,0,0
1621558318.010319,s2-eth1,174490.00,4752.00,179242.00,4752,174490,33.00,72.00,105.00,72,33,0.00,0.00,0,0
1621558318.010349,s1-eth1,306394.00,4092.00,310486.00,4092,306394,57.00,62.00,119.00,62,57,0.00,0.00,0,0
1621558318.010394,eth0,273.00,273.00,546.00,273,273,4.00,4.00,8.00,4,4,0.00,0.00,0,0
1621558318.010421,s2-eth2,5412.00,42586.00,47998.00,42586,5412,82.00,9.00,91.00,9,82,0.00,0.00,0,0
1621558318.010450,s1-eth2,4752.00,174490.00,179242.00,174490,4752,72.00,33.00,105.00,33,72,0.00,0.00,0,0
1621558318.010475,total,540495.00,232187.00,772682.00,232187,540495,358.00,272.00,630.00,272,358,0.00,0.00,0,0
1621558319.011973,lo,5370.63,5370.63,10741.26,5376,5376,35.96,35.96,71.93,36,36,0.00,0.00,0,0
1621558319.012040,s3-eth1,319.68,359.64,679.32,360,320,3.00,2.00,5.00,2,3,0.00,0.00,0,0
1621558319.012081,s3-eth2,359.64,69.93,429.57,70,360,2.00,1.00,3.00,1,2,0.00,0.00,0,0
1621558319.012146,s2-eth1,569.43,179.82,749.25,180,570,5.00,1.00,5.99,1,5,0.00,0.00,0,0
1621558319.012174,s1-eth1,749.25,0.00,749.25,0,750,5.99,0.00,5.99,0,6,0.00,0.00,0,0
1621558319.012200,eth0,0.00,0.00,0.00,0,0,0.00,0.00,0.00,0,0,0.00,0.00,0,0
1621558319.012225,s2-eth2,359.64,319.68,679.32,320,360,2.00,3.00,5.00,3,2,0.00,0.00,0,0
1621558319.012252,s1-eth2,179.82,569.43,749.25,570,180,1.00,5.00,5.99,5,1,0.00,0.00,0,0
1621558319.012275,total,7908.09,6869.13,14777.22,6876,7916,54.95,47.95,102.90,48,55,0.00,0.00,0,0
1621558320.012733,lo,0.00,0.00,0.00,0,0,0.00,0.00,0.00,0,0,0.00,0.00,0,0
1621558320.012809,s3-eth1,0.00,0.00,0.00,0,0,0.00,0.00,0.00,0,0,0.00,0.00,0,0
1621558320.012848,s3-eth2,180.00,0.00,180.00,0,180,1.00,0.00,1.00,0,1,0.00,0.00,0,0
1621558320.012912,s2-eth1,0.00,0.00,0.00,0,0,0.00,0.00,0.00,0,0,0.00,0.00,0,0
1621558320.012937,s1-eth1,0.00,0.00,0.00,0,0,0.00,0.00,0.00,0,0,0.00,0.00,0,0
1621558320.012961,eth0,0.00,0.00,0.00,0,0,0.00,0.00,0.00,0,0,0.00,0.00,0,0
1621558320.012986,s2-eth2,0.00,0.00,0.00,0,0,0.00,0.00,0.00,0,0,0.00,0.00,0,0
1621558320.013010,s1-eth2,0.00,0.00,0.00,0,0,0.00,0.00,0.00,0,0,0.00,0.00,0,0
1621558320.013030,total,180.00,0.00,180.00,0,180,1.00,0.00,1.00,0,1,0.00,0.00,0,0
1621558321.013890,lo,1012.99,1012.99,2025.97,1014,1014,8.99,8.99,17.98,9,9,0.00,0.00,0,0
1621558321.013955,s3-eth1,0.00,69.93,69.93,70,0,0.00,1.00,1.00,1,0,0.00,0.00,0,0
1621558321.013995,s3-eth2,69.93,0.00,69.93,0,70,1.00,0.00,1.00,0,1,0.00,0.00,0,0
1621558321.014060,s2-eth1,0.00,69.93,69.93,70,0,0.00,1.00,1.00,1,0,0.00,0.00,0,0
1621558321.014087,s1-eth1,0.00,69.93,69.93,70,0,0.00,1.00,1.00,1,0,0.00,0.00,0,0
1621558321.014113,eth0,0.00,0.00,0.00,0,0,0.00,0.00,0.00,0,0,0.00,0.00,0,0
1621558321.014137,s2-eth2,69.93,0.00,69.93,0,70,1.00,0.00,1.00,0,1,0.00,0.00,0,0
1621558321.014164,s1-eth2,69.93,0.00,69.93,0,70,1.00,0.00,1.00,0,1,0.00,0.00,0,0
1621558321.014185,total,1222.78,1222.78,2445.55,1224,1224,11.99,11.99,23.98,12,12,0.00,0.00,0,0
1621558322.014862,lo,0.00,0.00,0.00,0,0,0.00,0.00,0.00,0,0,0.00,0.00,0,0
1621558322.014922,s3-eth1,0.00,0.00,0.00,0,0,0.00,0.00,0.00,0,0,0.00,0.00,0,0
1621558322.014961,s3-eth2,0.00,0.00,0.00,0,0,0.00,0.00,0.00,0,0,0.00,0.00,0,0
1621558322.015023,s2-eth1,0.00,0.00,0.00,0,0,0.00,0.00,0.00,0,0,0.00,0.00,0,0
1621558322.015048,s1-eth1,0.00,0.00,0.00,0,0,0.00,0.00,0.00,0,0,0.00,0.00,0,0
1621558322.015073,eth0,0.00,0.00,0.00,0,0,0.00,0.00,0.00,0,0,0.00,0.00,0,0
1621558322.015098,s2-eth2,0.00,0.00,0.00,0,0,0.00,0.00,0.00,0,0,0.00,0.00,0,0
1621558322.015122,s1-eth2,0.00,0.00,0.00,0,0,0.00,0.00,0.00,0,0,0.00,0.00,0,0
1621558322.015142,total,0.00,0.00,0.00,0,0,0.00,0.00,0.00,0,0,0.00,0.00,0,0
1621558323.020573,lo,0.00,0.00,0.00,0,0,0.00,0.00,0.00,0,0,0.00,0.00,0,0
1621558323.020634,s3-eth1,0.00,0.00,0.00,0,0,0.00,0.00,0.00,0,0,0.00,0.00,0,0
1621558323.020672,s3-eth2,69.65,0.00,69.65,0,70,1.00,0.00,1.00,0,1,0.00,0.00,0,0
1621558323.020737,s2-eth1,0.00,0.00,0.00,0,0,0.00,0.00,0.00,0,0,0.00,0.00,0,0
1621558323.020762,s1-eth1,0.00,0.00,0.00,0,0,0.00,0.00,0.00,0,0,0.00,0.00,0,0
1621558323.020786,eth0,0.00,0.00,0.00,0,0,0.00,0.00,0.00,0,0,0.00,0.00,0,0
1621558323.020811,s2-eth2,0.00,0.00,0.00,0,0,0.00,0.00,0.00,0,0,0.00,0.00,0,0
1621558323.020836,s1-eth2,0.00,0.00,0.00,0,0,0.00,0.00,0.00,0,0,0.00,0.00,0,0
1621558323.020856,total,69.65,0.00,69.65,0,70,1.00,0.00,1.00,0,1,0.00,0.00,0,0
1621558324.021209,lo,0.00,0.00,0.00,0,0,0.00,0.00,0.00,0,0,0.00,0.00,0,0
1621558324.021290,s3-eth1,0.00,0.00,0.00,0,0,0.00,0.00,0.00,0,0,0.00,0.00,0,0
1621558324.021328,s3-eth2,0.00,0.00,0.00,0,0,0.00,0.00,0.00,0,0,0.00,0.00,0,0
1621558324.021391,s2-eth1,0.00,0.00,0.00,0,0,0.00,0.00,0.00,0,0,0.00,0.00,0,0
1621558324.021416,s1-eth1,0.00,0.00,0.00,0,0,0.00,0.00,0.00,0,0,0.00,0.00,0,0
1621558324.021440,eth0,153.00,153.00,306.00,153,153,2.00,2.00,4.00,2,2,0.00,0.00,0,0
1621558324.021467,s2-eth2,0.00,0.00,0.00,0,0,0.00,0.00,0.00,0,0,0.00,0.00,0,0
1621558324.021492,s1-eth2,0.00,0.00,0.00,0,0,0.00,0.00,0.00,0,0,0.00,0.00,0,0
1621558324.021512,total,153.00,153.00,306.00,153,153,2.00,2.00,4.00,2,2,0.00,0.00,0,0
1621558325.022127,lo,0.00,0.00,0.00,0,0,0.00,0.00,0.00,0,0,0.00,0.00,0,0
1621558325.022188,s3-eth1,0.00,0.00,0.00,0,0,0.00,0.00,0.00,0,0,0.00,0.00,0,0
1621558325.022226,s3-eth2,0.00,0.00,0.00,0,0,0.00,0.00,0.00,0,0,0.00,0.00,0,0
1621558325.022288,s2-eth1,0.00,0.00,0.00,0,0,0.00,0.00,0.00,0,0,0.00,0.00,0,0
1621558325.022313,s1-eth1,0.00,0.00,0.00,0,0,0.00,0.00,0.00,0,0,0.00,0.00,0,0
1621558325.022338,eth0,0.00,0.00,0.00,0,0,0.00,0.00,0.00,0,0,0.00,0.00,0,0
1621558325.022362,s2-eth2,0.00,0.00,0.00,0,0,0.00,0.00,0.00,0,0,0.00,0.00,0,0
1621558325.022387,s1-eth2,0.00,0.00,0.00,0,0,0.00,0.00,0.00,0,0,0.00,0.00,0,0
1621558325.022406,total,0.00,0.00,0.00,0,0,0.00,0.00,0.00,0,0,0.00,0.00,0,0
1621558326.022866,lo,640.00,640.00,1280.00,640,640,12.00,12.00,24.00,12,12,0.00,0.00,0,0
1621558326.022954,eth0,0.00,0.00,0.00,0,0,0.00,0.00,0.00,0,0,0.00,0.00,0,0
1621558326.022976,total,18446744073709551616.00,18446744073709551616.00,18446744073709551616.00,18446744072609583709,18446744072609563767,18446744073709170688.00,18446744073709170688.00,18446744073708789760.00,18446744073709170546,18446744073709170407,0.00,0.00,0,0
