1621481697.188973,lo,0.00,0.00,0.00,0,0,0.00,0.00,0.00,0,0,0.00,0.00,0,0
1621481697.189074,s1-eth1,0.00,0.00,0.00,0,0,0.00,0.00,0.00,0,0,0.00,0.00,0,0
1621481697.189093,eth0,0.00,0.00,0.00,0,0,0.00,0.00,0.00,0,0,0.00,0.00,0,0
1621481697.189107,s1-eth2,0.00,0.00,0.00,0,0,0.00,0.00,0.00,0,0,0.00,0.00,0,0
1621481697.189151,total,0.00,0.00,0.00,0,0,0.00,0.00,0.00,0,0,0.00,0.00,0,0
1621481698.189427,lo,6423.00,6423.00,12846.00,6423,6423,60.00,60.00,120.00,60,60,0.00,0.00,0,0
1621481698.189462,s1-eth1,1218680.00,26622.00,1245302.00,26622,1218680,425.00,403.00,828.00,403,425,0.00,0.00,0,0
1621481698.189472,eth0,3113.00,4860.00,7973.00,4860,3113,27.00,26.00,53.00,26,27,0.00,0.00,0,0
1621481698.189481,s1-eth2,27662.00,1218066.00,1245728.00,1218066,27662,409.00,421.00,830.00,421,409,0.00,0.00,0,0
1621481698.189489,total,1255878.00,1255971.00,2511849.00,1255971,1255878,921.00,910.00,1831.00,910,921,0.00,0.00,0,0
1621481699.194640,lo,2752.24,2752.24,5504.48,2766,2766,25.87,25.87,51.74,26,26,0.00,0.00,0,0
1621481699.194678,s1-eth1,762428.81,16746.27,779175.12,16830,766241,263.68,253.73,517.41,255,265,0.00,0.00,0,0
1621481699.194690,eth0,793.03,1206.97,2000.00,1213,797,8.96,8.96,17.91,9,9,0.00,0.00,0,0
1621481699.194700,s1-eth2,16746.27,766682.56,783428.81,770516,16830,253.73,264.68,518.41,266,255,0.00,0.00,0,0
1621481699.194709,total,782720.38,787388.06,1570108.38,791325,786634,552.24,553.23,1105.47,556,555,0.00,0.00,0,0
1621481700.195194,lo,0.00,0.00,0.00,0,0,0.00,0.00,0.00,0,0,0.00,0.00,0,0
1621481700.195229,s1-eth1,1095020.00,24090.00,1119110.00,24090,1095020,378.00,365.00,743.00,365,378,0.00,0.00,0,0
1621481700.195240,eth0,0.00,0.00,0.00,0,0,0.00,0.00,0.00,0,0,0.00,0.00,0,0
1621481700.195248,s1-eth2,24357.00,1102392.00,1126749.00,1102392,24357,367.00,380.00,747.00,380,367,0.00,0.00,0,0
1621481700.195267,total,1119377.00,1126482.00,2245859.00,1126482,1119377,745.00,745.00,1490.00,745,745,0.00,0.00,0,0
1621481701.197010,lo,675.32,675.32,1350.65,676,676,5.99,5.99,11.99,6,6,0.00,0.00,0,0
1621481701.197069,s1-eth1,1077959.12,23674.33,1101633.38,23698,1079037,374.63,358.64,733.27,359,375,0.00,0.00,0,0
1621481701.197087,eth0,0.00,0.00,0.00,0,0,0.00,0.00,0.00,0,0,0.00,0.00,0,0
1621481701.197100,s1-eth2,23678.32,1077688.38,1101366.62,1078766,23702,358.64,372.63,731.27,373,359,0.00,0.00,0,0
1621481701.197115,total,1102312.75,1102038.00,2204350.75,1103140,1103415,739.26,737.26,1476.52,738,740,0.00,0.00,0,0
1621481702.197528,lo,0.00,0.00,0.00,0,0,0.00,0.00,0.00,0,0,0.00,0.00,0,0
1621481702.197574,s1-eth1,1097982.00,23958.00,1121940.00,23958,1097982,379.00,363.00,742.00,363,379,0.00,0.00,0,0
1621481702.197590,eth0,0.00,0.00,0.00,0,0,0.00,0.00,0.00,0,0,0.00,0.00,0,0
1621481702.197601,s1-eth2,24225.00,1100944.00,1125169.00,1100944,24225,365.00,380.00,745.00,380,365,0.00,0.00,0,0
1621481702.197626,total,1122207.00,1124902.00,2247109.00,1124902,1122207,744.00,743.00,1487.00,743,744,0.00,0.00,0,0
1621481703.197851,lo,0.00,0.00,0.00,0,0,0.00,0.00,0.00,0,0,0.00,0.00,0,0
1621481703.197876,s1-eth1,1220938.00,26664.00,1247602.00,26664,1220938,421.00,404.00,825.00,404,421,0.00,0.00,0,0
1621481703.197886,eth0,0.00,0.00,0.00,0,0,0.00,0.00,0.00,0,0,0.00,0.00,0,0
1621481703.197893,s1-eth2,26598.00,1220938.00,1247536.00,1220938,26598,403.00,421.00,824.00,421,403,0.00,0.00,0,0
1621481703.197901,total,1247536.00,1247602.00,2495138.00,1247602,1247536,824.00,825.00,1649.00,825,824,0.00,0.00,0,0
1621481704.198134,lo,0.00,0.00,0.00,0,0,0.00,0.00,0.00,0,0,0.00,0.00,0,0
1621481704.198177,s1-eth1,982398.00,21450.00,1003848.00,21450,982398,339.00,325.00,664.00,325,339,0.00,0.00,0,0
1621481704.198187,eth0,313.00,313.00,626.00,313,313,4.00,4.00,8.00,4,4,0.00,0.00,0,0
1621481704.198195,s1-eth2,21450.00,976474.00,997924.00,976474,21450,325.00,337.00,662.00,337,325,0.00,0.00,0,0
1621481704.198203,total,1004161.00,998237.00,2002398.00,998237,1004161,668.00,666.00,1334.00,666,668,0.00,0.00,0,0
1621481705.198652,lo,0.00,0.00,0.00,0,0,0.00,0.00,0.00,0,0,0.00,0.00,0,0
1621481705.198676,s1-eth1,681590.00,14982.00,696572.00,14982,681590,235.00,227.00,462.00,227,235,0.00,0.00,0,0
1621481705.198688,eth0,0.00,0.00,0.00,0,0,0.00,0.00,0.00,0,0,0.00,0.00,0,0
1621481705.198709,s1-eth2,14982.00,690476.00,705458.00,690476,14982,227.00,238.00,465.00,238,227,0.00,0.00,0,0
1621481705.198718,total,696572.00,705458.00,1402030.00,705458,696572,462.00,465.00,927.00,465,462,0.00,0.00,0,0
1621481706.202518,lo,171.49,171.49,342.97,172,172,2.99,2.99,5.98,3,3,0.00,0.00,0,0
1621481706.202555,s1-eth1,620488.56,13621.14,634109.69,13662,622350,214.36,206.38,420.74,207,215,0.00,0.00,0,0
1621481706.202567,eth0,0.00,0.00,0.00,0,0,0.00,0.00,0.00,0,0,0.00,0.00,0,0
1621481706.202575,s1-eth2,13621.14,632301.12,645922.25,634198,13662,206.38,218.34,424.73,219,207,0.00,0.00,0,0
1621481706.202585,total,634281.19,646093.75,1280374.88,648032,636184,423.73,427.72,851.45,429,425,0.00,0.00,0,0
1621481707.203458,lo,0.00,0.00,0.00,0,0,0.00,0.00,0.00,0,0,0.00,0.00,0,0
1621481707.203492,s1-eth1,877148.00,19338.00,896486.00,19338,877148,302.00,293.00,595.00,293,302,0.00,0.00,0,0
1621481707.203516,eth0,0.00,0.00,0.00,0,0,0.00,0.00,0.00,0,0,0.00,0.00,0,0
1621481707.203525,s1-eth2,19338.00,881624.00,900962.00,881624,19338,293.00,304.00,597.00,304,293,0.00,0.00,0,0
1621481707.203534,total,896486.00,900962.00,1797448.00,900962,896486,595.00,597.00,1192.00,597,595,0.00,0.00,0,0
1621481708.204117,lo,0.00,0.00,0.00,0,0,0.00,0.00,0.00,0,0,0.00,0.00,0,0
1621481708.204149,s1-eth1,1224770.00,26334.00,1251104.00,26334,1224770,479.00,399.00,878.00,399,479,0.00,0.00,0,0
1621481708.204160,eth0,120.00,120.00,240.00,120,120,2.00,2.00,4.00,2,2,0.00,0.00,0,0
1621481708.204168,s1-eth2,26400.00,1224898.00,1251298.00,1224898,26400,400.00,481.00,881.00,481,400,0.00,0.00,0,0
1621481708.204176,total,1251290.00,1251352.00,2502642.00,1251352,1251290,881.00,882.00,1763.00,882,881,0.00,0.00,0,0
1621481709.204873,lo,338.00,338.00,676.00,338,338,3.00,3.00,6.00,3,3,0.00,0.00,0,0
1621481709.204908,s1-eth1,1225612.00,26602.00,1252214.00,26602,1225612,426.00,403.00,829.00,403,426,0.00,0.00,0,0
1621481709.204917,eth0,0.00,0.00,0.00,0,0,0.00,0.00,0.00,0,0,0.00,0.00,0,0
1621481709.204925,s1-eth2,26672.00,1225414.00,1252086.00,1225414,26672,404.00,423.00,827.00,423,404,0.00,0.00,0,0
1621481709.204933,total,1252622.00,1252354.00,2504976.00,1252354,1252622,833.00,829.00,1662.00,829,833,0.00,0.00,0,0
1621481710.205571,lo,338.00,338.00,676.00,338,338,3.00,3.00,6.00,3,3,0.00,0.00,0,0
1621481710.205606,s1-eth1,1223970.00,26664.00,1250634.00,26664,1223970,423.00,404.00,827.00,404,423,0.00,0.00,0,0
1621481710.205616,eth0,313.00,313.00,626.00,313,313,4.00,4.00,8.00,4,4,0.00,0.00,0,0
1621481710.205624,s1-eth2,26664.00,1223970.00,1250634.00,1223970,26664,404.00,423.00,827.00,423,404,0.00,0.00,0,0
1621481710.205641,total,1251285.00,1251285.00,2502570.00,1251285,1251285,834.00,834.00,1668.00,834,834,0.00,0.00,0,0
1621481711.207282,lo,0.00,0.00,0.00,0,0,0.00,0.00,0.00,0,0,0.00,0.00,0,0
1621481711.207315,s1-eth1,966621.38,21032.97,987654.38,21054,967588,333.67,318.68,652.35,319,334,0.00,0.00,0,0
1621481711.207325,eth0,0.00,0.00,0.00,0,0,0.00,0.00,0.00,0,0,0.00,0.00,0,0
1621481711.207332,s1-eth2,20967.03,965108.94,986075.94,966074,20988,317.68,332.67,650.35,333,318,0.00,0.00,0,0
1621481711.207341,total,987588.44,986141.88,1973730.38,987128,988576,651.35,651.35,1302.70,652,652,0.00,0.00,0,0
1621481712.207905,lo,0.00,0.00,0.00,0,0,0.00,0.00,0.00,0,0,0.00,0.00,0,0
1621481712.207939,s1-eth1,657894.00,14322.00,672216.00,14322,657894,227.00,217.00,444.00,217,227,0.00,0.00,0,0
1621481712.207951,eth0,0.00,0.00,0.00,0,0,0.00,0.00,0.00,0,0,0.00,0.00,0,0
1621481712.207959,s1-eth2,14322.00,660856.00,675178.00,660856,14322,217.00,228.00,445.00,228,217,0.00,0.00,0,0
1621481712.207968,total,672216.00,675178.00,1347394.00,675178,672216,444.00,445.00,889.00,445,444,0.00,0.00,0,0
1621481713.210769,lo,0.00,0.00,0.00,0,0,0.00,0.00,0.00,0,0,0.00,0.00,0,0
1621481713.210820,s1-eth1,770423.19,16796.41,787219.56,16830,771964,265.47,254.49,519.96,255,266,0.00,0.00,0,0
1621481713.210846,eth0,0.00,0.00,0.00,0,0,0.00,0.00,0.00,0,0,0.00,0.00,0,0
1621481713.210939,s1-eth2,16796.41,766022.00,782818.38,767554,16830,254.49,264.47,518.96,265,255,0.00,0.00,0,0
1621481713.210973,total,786434.69,782037.88,1568472.62,784384,788794,519.44,518.44,1037.89,520,521,0.00,0.00,0,0
1621481714.212027,lo,0.00,0.00,0.00,0,0,0.00,0.00,0.00,0,0,0.00,0.00,0,0
1621481714.212074,s1-eth1,717930.06,15626.37,733556.44,15642,718648,247.75,236.76,484.52,237,248,0.00,0.00,0,0
1621481714.212086,eth0,0.00,0.00,0.00,0,0,0.00,0.00,0.00,0,0,0.00,0.00,0,0
1621481714.212093,s1-eth2,15626.37,709052.94,724679.31,709762,15642,236.76,244.76,481.52,245,237,0.00,0.00,0,0
1621481714.212102,total,733556.44,724679.31,1458235.75,725404,734290,484.52,481.52,966.03,482,485,0.00,0.00,0,0
1621481715.213202,lo,171.83,171.83,343.66,172,172,3.00,3.00,5.99,3,3,0.00,0.00,0,0
1621481715.213233,s1-eth1,1014567.44,20835.17,1035402.62,20856,1015582,402.60,315.68,718.28,316,403,0.00,0.00,0,0
1621481715.213253,eth0,0.00,0.00,0.00,0,0,0.00,0.00,0.00,0,0,0.00,0.00,0,0
1621481715.213260,s1-eth2,20835.17,1020485.56,1041320.69,1021506,20856,315.68,404.60,720.28,405,316,0.00,0.00,0,0
1621481715.213269,total,1035574.44,1041492.56,2077067.00,1042534,1036610,721.28,723.28,1444.56,724,722,0.00,0.00,0,0
1621481716.213814,lo,0.00,0.00,0.00,0,0,0.00,0.00,0.00,0,0,0.00,0.00,0,0
1621481716.213851,s1-eth1,1121678.00,24486.00,1146164.00,24486,1121678,387.00,371.00,758.00,371,387,0.00,0.00,0,0
1621481716.213865,eth0,313.00,313.00,626.00,313,313,4.00,4.00,8.00,4,4,0.00,0.00,0,0
1621481716.213876,s1-eth2,24486.00,1124640.00,1149126.00,1124640,24486,371.00,388.00,759.00,388,371,0.00,0.00,0,0
1621481716.213887,total,1146477.00,1149439.00,2295916.00,1149439,1146477,762.00,763.00,1525.00,763,762,0.00,0.00,0,0
1621481717.217572,lo,0.00,0.00,0.00,0,0,0.00,0.00,0.00,0,0,0.00,0.00,0,0
1621481717.217612,s1-eth1,1164129.62,25268.20,1189397.88,25344,1167622,401.79,382.85,784.65,384,403,0.00,0.00,0,0
1621481717.217634,eth0,0.00,0.00,0.00,0,0,0.00,0.00,0.00,0,0,0.00,0.00,0,0
1621481717.217642,s1-eth2,25268.20,1159667.00,1184935.25,1163146,25344,382.85,399.80,782.65,401,384,0.00,0.00,0,0
1621481717.217652,total,1189397.88,1184935.25,2374333.00,1188490,1192966,784.65,782.65,1567.30,785,787,0.00,0.00,0,0
1621481718.218589,lo,0.00,0.00,0.00,0,0,0.00,0.00,0.00,0,0,0.00,0.00,0,0
1621481718.218638,s1-eth1,849640.38,18461.54,868101.94,18480,850490,292.71,279.72,572.43,280,293,0.00,0.00,0,0
1621481718.218657,eth0,119.88,119.88,239.76,120,120,2.00,2.00,4.00,2,2,0.00,0.00,0,0
1621481718.218673,s1-eth2,18527.47,854111.94,872639.38,854966,18546,280.72,294.71,575.42,295,281,0.00,0.00,0,0
1621481718.218690,total,868287.75,872693.31,1740981.12,873566,869156,575.42,576.42,1151.85,577,576,0.00,0.00,0,0
1621481719.219185,lo,0.00,0.00,0.00,0,0,0.00,0.00,0.00,0,0,0.00,0.00,0,0
1621481719.219246,s1-eth1,900910.00,19536.00,920446.00,19536,900910,311.00,296.00,607.00,296,311,0.00,0.00,0,0
1621481719.219275,eth0,0.00,0.00,0.00,0,0,0.00,0.00,0.00,0,0,0.00,0.00,0,0
1621481719.219290,s1-eth2,19470.00,893472.00,912942.00,893472,19470,295.00,308.00,603.00,308,295,0.00,0.00,0,0
1621481719.219306,total,920380.00,913008.00,1833388.00,913008,920380,606.00,604.00,1210.00,604,606,0.00,0.00,0,0
1621481720.220355,lo,171.83,171.83,343.66,172,172,3.00,3.00,5.99,3,3,0.00,0.00,0,0
1621481720.220407,s1-eth1,1210841.25,26109.89,1236951.12,26136,1212052,417.58,395.60,813.19,396,418,0.00,0.00,0,0
1621481720.220425,eth0,0.00,0.00,0.00,0,0,0.00,0.00,0.00,0,0,0.00,0.00,0,0
1621481720.220437,s1-eth2,26175.82,1215312.75,1241488.50,1216528,26202,396.60,419.58,816.18,420,397,0.00,0.00,0,0
1621481720.220464,total,1237188.88,1241594.50,2478783.25,1242836,1238426,817.18,818.18,1635.36,819,818,0.00,0.00,0,0
1621481721.220999,lo,0.00,0.00,0.00,0,0,0.00,0.00,0.00,0,0,0.00,0.00,0,0
1621481721.221033,s1-eth1,1133526.00,24684.00,1158210.00,24684,1133526,391.00,374.00,765.00,374,391,0.00,0.00,0,0
1621481721.221044,eth0,0.00,0.00,0.00,0,0,0.00,0.00,0.00,0,0,0.00,0.00,0,0
1621481721.221052,s1-eth2,24618.00,1136488.00,1161106.00,1136488,24618,373.00,392.00,765.00,392,373,0.00,0.00,0,0
1621481721.221061,total,1158144.00,1161172.00,2319316.00,1161172,1158144,764.00,766.00,1530.00,766,764,0.00,0.00,0,0
1621481722.221295,lo,0.00,0.00,0.00,0,0,0.00,0.00,0.00,0,0,0.00,0.00,0,0
1621481722.221348,s1-eth1,1220938.00,26598.00,1247536.00,26598,1220938,421.00,403.00,824.00,403,421,0.00,0.00,0,0
1621481722.221366,eth0,313.00,313.00,626.00,313,313,4.00,4.00,8.00,4,4,0.00,0.00,0,0
1621481722.221382,s1-eth2,26664.00,1220938.00,1247602.00,1220938,26664,404.00,421.00,825.00,421,404,0.00,0.00,0,0
1621481722.221393,total,1247915.00,1247849.00,2495764.00,1247849,1247915,829.00,828.00,1657.00,828,829,0.00,0.00,0,0
1621481723.221958,lo,0.00,0.00,0.00,0,0,0.00,0.00,0.00,0,0,0.00,0.00,0,0
1621481723.221995,s1-eth1,1225414.00,26664.00,1252078.00,26664,1225414,423.00,404.00,827.00,404,423,0.00,0.00,0,0
1621481723.222006,eth0,0.00,0.00,0.00,0,0,0.00,0.00,0.00,0,0,0.00,0.00,0,0
1621481723.222014,s1-eth2,26734.00,1223900.00,1250634.00,1223900,26734,405.00,422.00,827.00,422,405,0.00,0.00,0,0
1621481723.222023,total,1252148.00,1250564.00,2502712.00,1250564,1252148,828.00,826.00,1654.00,826,828,0.00,0.00,0,0
1621481724.222468,lo,338.00,338.00,676.00,338,338,3.00,3.00,6.00,3,3,0.00,0.00,0,0
1621481724.222522,s1-eth1,1035784.00,22642.00,1058426.00,22642,1035784,358.00,343.00,701.00,343,358,0.00,0.00,0,0
1621481724.222535,eth0,0.00,0.00,0.00,0,0,0.00,0.00,0.00,0,0,0.00,0.00,0,0
1621481724.222543,s1-eth2,22576.00,1037228.00,1059804.00,1037228,22576,342.00,358.00,700.00,358,342,0.00,0.00,0,0
1621481724.222552,total,1058698.00,1060208.00,2118906.00,1060208,1058698,703.00,704.00,1407.00,704,703,0.00,0.00,0,0
1621481725.222669,lo,0.00,0.00,0.00,0,0,0.00,0.00,0.00,0,0,0.00,0.00,0,0
1621481725.222694,s1-eth1,881624.00,19206.00,900830.00,19206,881624,304.00,291.00,595.00,291,304,0.00,0.00,0,0
1621481725.222704,eth0,0.00,0.00,0.00,0,0,0.00,0.00,0.00,0,0,0.00,0.00,0,0
1621481725.222712,s1-eth2,19272.00,887548.00,906820.00,887548,19272,292.00,306.00,598.00,306,292,0.00,0.00,0,0
1621481725.222720,total,900896.00,906754.00,1807650.00,906754,900896,596.00,597.00,1193.00,597,596,0.00,0.00,0,0
1621481726.223236,lo,338.00,338.00,676.00,338,338,3.00,3.00,6.00,3,3,0.00,0.00,0,0
1621481726.223295,s1-eth1,1222522.00,26598.00,1249120.00,26598,1222522,423.00,403.00,826.00,403,423,0.00,0.00,0,0
1621481726.223321,eth0,0.00,0.00,0.00,0,0,0.00,0.00,0.00,0,0,0.00,0.00,0,0
1621481726.223339,s1-eth2,26598.00,1221008.00,1247606.00,1221008,26598,403.00,422.00,825.00,422,403,0.00,0.00,0,0
1621481726.223357,total,1249458.00,1247944.00,2497402.00,1247944,1249458,829.00,828.00,1657.00,828,829,0.00,0.00,0,0
1621481727.224037,lo,0.00,0.00,0.00,0,0,0.00,0.00,0.00,0,0,0.00,0.00,0,0
1621481727.224118,s1-eth1,1125176.00,23298.00,1148474.00,23298,1125176,440.00,353.00,793.00,353,440,0.00,0.00,0,0
1621481727.224139,eth0,0.00,0.00,0.00,0,0,0.00,0.00,0.00,0,0,0.00,0.00,0,0
1621481727.224150,s1-eth2,23232.00,1128138.00,1151370.00,1128138,23232,352.00,441.00,793.00,441,352,0.00,0.00,0,0
1621481727.224200,total,1148408.00,1151436.00,2299844.00,1151436,1148408,792.00,794.00,1586.00,794,792,0.00,0.00,0,0
1621481728.230503,lo,0.00,0.00,0.00,0,0,0.00,0.00,0.00,0,0,0.00,0.00,0,0
1621481728.230536,s1-eth1,1213656.00,26373.76,1240029.88,26532,1220938,418.49,399.60,818.09,402,421,0.00,0.00,0,0
1621481728.230548,eth0,311.13,311.13,622.27,313,313,3.98,3.98,7.95,4,4,0.00,0.00,0,0
1621481728.230556,s1-eth2,26373.76,1215161.00,1241534.75,1222452,26532,399.60,419.48,819.09,422,402,0.00,0.00,0,0
1621481728.230564,total,1240341.00,1241845.88,2482186.75,1249297,1247783,822.07,823.06,1645.13,828,827,0.00,0.00,0,0
1621481729.231362,lo,0.00,0.00,0.00,0,0,0.00,0.00,0.00,0,0,0.00,0.00,0,0
1621481729.231395,s1-eth1,1157222.00,25278.00,1182500.00,25278,1157222,399.00,383.00,782.00,383,399,0.00,0.00,0,0
1621481729.231406,eth0,120.00,120.00,240.00,120,120,2.00,2.00,4.00,2,2,0.00,0.00,0,0
1621481729.231413,s1-eth2,25278.00,1160184.00,1185462.00,1160184,25278,383.00,400.00,783.00,400,383,0.00,0.00,0,0
1621481729.231422,total,1182620.00,1185582.00,2368202.00,1185582,1182620,784.00,785.00,1569.00,785,784,0.00,0.00,0,0
1621481730.231628,lo,0.00,0.00,0.00,0,0,0.00,0.00,0.00,0,0,0.00,0.00,0,0
1621481730.231659,s1-eth1,1069810.00,23232.00,1093042.00,23232,1069810,369.00,352.00,721.00,352,369,0.00,0.00,0,0
1621481730.231690,eth0,0.00,0.00,0.00,0,0,0.00,0.00,0.00,0,0,0.00,0.00,0,0
1621481730.231699,s1-eth2,23232.00,1078696.00,1101928.00,1078696,23232,352.00,372.00,724.00,372,352,0.00,0.00,0,0
1621481730.231709,total,1093042.00,1101928.00,2194970.00,1101928,1093042,721.00,724.00,1445.00,724,721,0.00,0.00,0,0
1621481731.232880,lo,637.36,637.36,1274.73,638,638,7.99,7.99,15.98,8,8,0.00,0.00,0,0
1621481731.232940,s1-eth1,1175332.75,25624.38,1200957.12,25650,1176508,405.59,388.61,794.21,389,406,0.00,0.00,0,0
1621481731.232960,eth0,0.00,0.00,0.00,0,0,0.00,0.00,0.00,0,0,0.00,0.00,0,0
1621481731.232974,s1-eth2,25690.31,1175332.75,1201023.00,1176508,25716,389.61,405.59,795.20,406,390,0.00,0.00,0,0
1621481731.232990,total,1201660.38,1201594.50,2403254.75,1202796,1202862,803.20,802.20,1605.39,803,804,0.00,0.00,0,0
1621481732.234357,lo,0.00,0.00,0.00,0,0,0.00,0.00,0.00,0,0,0.00,0.00,0,0
1621481732.234393,s1-eth1,1219760.25,26571.43,1246331.75,26598,1220980,421.58,402.60,824.18,403,422,0.00,0.00,0,0
1621481732.234405,eth0,0.00,0.00,0.00,0,0,0.00,0.00,0.00,0,0,0.00,0.00,0,0
1621481732.234414,s1-eth2,26505.50,1219760.25,1246265.75,1220980,26532,401.60,421.58,823.18,422,402,0.00,0.00,0,0
1621481732.234424,total,1246265.75,1246331.75,2492597.50,1247578,1247512,823.18,824.18,1647.35,825,824,0.00,0.00,0,0
1621481733.236102,lo,466.53,466.53,933.07,467,467,4.00,4.00,7.99,4,4,0.00,0.00,0,0
1621481733.236141,s1-eth1,1088008.00,23670.33,1111678.38,23694,1089096,375.62,358.64,734.27,359,376,0.00,0.00,0,0
1621481733.236154,eth0,3320.68,5358.64,8679.32,5364,3324,15.98,15.98,31.97,16,16,0.00,0.00,0,0
1621481733.236164,s1-eth2,23670.33,1088008.00,1111678.38,1089096,23694,358.64,375.62,734.27,376,359,0.00,0.00,0,0
1621481733.236174,total,1115465.62,1117503.50,2232969.00,1118621,1116581,754.25,754.25,1508.49,755,755,0.00,0.00,0,0
1621481734.236984,lo,0.00,0.00,0.00,0,0,0.00,0.00,0.00,0,0,0.00,0.00,0,0
1621481734.237025,s1-eth1,742344.00,16170.00,758514.00,16170,742344,256.00,245.00,501.00,245,256,0.00,0.00,0,0
1621481734.237043,eth0,313.00,313.00,626.00,313,313,4.00,4.00,8.00,4,4,0.00,0.00,0,0
1621481734.237052,s1-eth2,16170.00,739382.00,755552.00,739382,16170,245.00,255.00,500.00,255,245,0.00,0.00,0,0
1621481734.237060,total,758827.00,755865.00,1514692.00,755865,758827,505.00,504.00,1009.00,504,505,0.00,0.00,0,0
1621481735.237550,lo,0.00,0.00,0.00,0,0,0.00,0.00,0.00,0,0,0.00,0.00,0,0
1621481735.237588,s1-eth1,832718.00,18216.00,850934.00,18216,832718,287.00,276.00,563.00,276,287,0.00,0.00,0,0
1621481735.237604,eth0,0.00,0.00,0.00,0,0,0.00,0.00,0.00,0,0,0.00,0.00,0,0
1621481735.237616,s1-eth2,18216.00,832718.00,850934.00,832718,18216,276.00,287.00,563.00,287,276,0.00,0.00,0,0
1621481735.237630,total,850934.00,850934.00,1701868.00,850934,850934,563.00,563.00,1126.00,563,563,0.00,0.00,0,0
1621481736.237812,lo,172.00,172.00,344.00,172,172,3.00,3.00,6.00,3,3,0.00,0.00,0,0
1621481736.237866,s1-eth1,1130564.00,24552.00,1155116.00,24552,1130564,390.00,372.00,762.00,372,390,0.00,0.00,0,0
1621481736.237886,eth0,0.00,0.00,0.00,0,0,0.00,0.00,0.00,0,0,0.00,0.00,0,0
1621481736.237901,s1-eth2,24618.00,1130564.00,1155182.00,1130564,24618,373.00,390.00,763.00,390,373,0.00,0.00,0,0
1621481736.237917,total,1155354.00,1155288.00,2310642.00,1155288,1155354,766.00,765.00,1531.00,765,766,0.00,0.00,0,0
1621481737.238220,lo,0.00,0.00,0.00,0,0,0.00,0.00,0.00,0,0,0.00,0.00,0,0
1621481737.238257,s1-eth1,1226082.00,25476.00,1251558.00,25476,1226082,477.00,386.00,863.00,386,477,0.00,0.00,0,0
1621481737.238270,eth0,0.00,0.00,0.00,0,0,0.00,0.00,0.00,0,0,0.00,0.00,0,0
1621481737.238278,s1-eth2,25476.00,1227530.00,1253006.00,1227530,25476,386.00,477.00,863.00,477,386,0.00,0.00,0,0
1621481737.238288,total,1251558.00,1253006.00,2504564.00,1253006,1251558,863.00,863.00,1726.00,863,863,0.00,0.00,0,0
1621481738.238649,lo,234.00,234.00,468.00,234,234,2.00,2.00,4.00,2,2,0.00,0.00,0,0
1621481738.238713,s1-eth1,1220938.00,26598.00,1247536.00,26598,1220938,421.00,403.00,824.00,403,421,0.00,0.00,0,0
1621481738.238737,eth0,2403.00,7506.00,9909.00,7506,2403,17.00,17.00,34.00,17,17,0.00,0.00,0,0
1621481738.238778,s1-eth2,26598.00,1219490.00,1246088.00,1219490,26598,403.00,421.00,824.00,421,403,0.00,0.00,0,0
1621481738.238796,total,1250173.00,1253828.00,2504001.00,1253828,1250173,843.00,843.00,1686.00,843,843,0.00,0.00,0,0
1621481739.239152,lo,467.00,467.00,934.00,467,467,4.00,4.00,8.00,4,4,0.00,0.00,0,0
1621481739.239215,s1-eth1,1220938.00,26598.00,1247536.00,26598,1220938,421.00,403.00,824.00,403,421,0.00,0.00,0,0
1621481739.239236,eth0,11960.00,5472.00,17432.00,5472,11960,21.00,21.00,42.00,21,21,0.00,0.00,0,0
1621481739.239249,s1-eth2,26532.00,1220938.00,1247470.00,1220938,26532,402.00,421.00,823.00,421,402,0.00,0.00,0,0
1621481739.239261,total,1259897.00,1253475.00,2513372.00,1253475,1259897,848.00,849.00,1697.00,849,848,0.00,0.00,0,0
1621481740.239398,lo,3213.00,3213.00,6426.00,3213,3213,18.00,18.00,36.00,18,18,0.00,0.00,0,0
1621481740.239434,s1-eth1,1217976.00,26532.00,1244508.00,26532,1217976,420.00,402.00,822.00,402,420,0.00,0.00,0,0
1621481740.239447,eth0,9827.00,35130.00,44957.00,35130,9827,71.00,76.00,147.00,76,71,0.00,0.00,0,0
1621481740.239458,s1-eth2,26598.00,1215014.00,1241612.00,1215014,26598,403.00,419.00,822.00,419,403,0.00,0.00,0,0
1621481740.239468,total,1257614.00,1279889.00,2537503.00,1279889,1257614,912.00,915.00,1827.00,915,912,0.00,0.00,0,0
1621481741.239812,lo,172.00,172.00,344.00,172,172,3.00,3.00,6.00,3,3,0.00,0.00,0,0
1621481741.239900,s1-eth1,1222452.00,26598.00,1249050.00,26598,1222452,422.00,403.00,825.00,403,422,0.00,0.00,0,0
1621481741.239929,eth0,265.00,1799.00,2064.00,1799,265,4.00,5.00,9.00,5,4,0.00,0.00,0,0
1621481741.239942,s1-eth2,26598.00,1222452.00,1249050.00,1222452,26598,403.00,422.00,825.00,422,403,0.00,0.00,0,0
1621481741.239953,total,1249487.00,1251021.00,2500508.00,1251021,1249487,832.00,833.00,1665.00,833,832,0.00,0.00,0,0
1621481742.240158,lo,0.00,0.00,0.00,0,0,0.00,0.00,0.00,0,0,0.00,0.00,0,0
1621481742.240198,s1-eth1,1220938.00,26598.00,1247536.00,26598,1220938,421.00,403.00,824.00,403,421,0.00,0.00,0,0
1621481742.240211,eth0,0.00,0.00,0.00,0,0,0.00,0.00,0.00,0,0,0.00,0.00,0,0
1621481742.240220,s1-eth2,26598.00,1223900.00,1250498.00,1223900,26598,403.00,422.00,825.00,422,403,0.00,0.00,0,0
1621481742.240231,total,1247536.00,1250498.00,2498034.00,1250498,1247536,824.00,825.00,1649.00,825,824,0.00,0.00,0,0
1621481743.240388,lo,0.00,0.00,0.00,0,0,0.00,0.00,0.00,0,0,0.00,0.00,0,0
1621481743.240417,s1-eth1,1161698.00,25344.00,1187042.00,25344,1161698,401.00,384.00,785.00,384,401,0.00,0.00,0,0
1621481743.240428,eth0,0.00,0.00,0.00,0,0,0.00,0.00,0.00,0,0,0.00,0.00,0,0
1621481743.240436,s1-eth2,25278.00,1163146.00,1188424.00,1163146,25278,383.00,401.00,784.00,401,383,0.00,0.00,0,0
1621481743.240445,total,1186976.00,1188490.00,2375466.00,1188490,1186976,784.00,785.00,1569.00,785,784,0.00,0.00,0,0
1621481744.240619,lo,0.00,0.00,0.00,0,0,0.00,0.00,0.00,0,0,0.00,0.00,0,0
1621481744.240651,s1-eth1,1227530.00,25476.00,1253006.00,25476,1227530,477.00,386.00,863.00,386,477,0.00,0.00,0,0
1621481744.240663,eth0,0.00,0.00,0.00,0,0,0.00,0.00,0.00,0,0,0.00,0.00,0,0
1621481744.240671,s1-eth2,25542.00,1226082.00,1251624.00,1226082,25542,387.00,477.00,864.00,477,387,0.00,0.00,0,0
1621481744.240680,total,1253072.00,1251558.00,2504630.00,1251558,1253072,864.00,863.00,1727.00,863,864,0.00,0.00,0,0
1621481745.241083,lo,0.00,0.00,0.00,0,0,0.00,0.00,0.00,0,0,0.00,0.00,0,0
1621481745.241135,s1-eth1,1223900.00,26664.00,1250564.00,26664,1223900,422.00,404.00,826.00,404,422,0.00,0.00,0,0
1621481745.241156,eth0,0.00,0.00,0.00,0,0,0.00,0.00,0.00,0,0,0.00,0.00,0,0
1621481745.241170,s1-eth2,26598.00,1223900.00,1250498.00,1223900,26598,403.00,422.00,825.00,422,403,0.00,0.00,0,0
1621481745.241355,total,1250498.00,1250564.00,2501062.00,1250564,1250498,825.00,826.00,1651.00,826,825,0.00,0.00,0,0
1621481746.241739,lo,172.00,172.00,344.00,172,172,3.00,3.00,6.00,3,3,0.00,0.00,0,0
1621481746.241788,s1-eth1,1222452.00,26598.00,1249050.00,26598,1222452,422.00,403.00,825.00,403,422,0.00,0.00,0,0
1621481746.241808,eth0,313.00,313.00,626.00,313,313,4.00,4.00,8.00,4,4,0.00,0.00,0,0
1621481746.241880,s1-eth2,26664.00,1223900.00,1250564.00,1223900,26664,404.00,422.00,826.00,422,404,0.00,0.00,0,0
1621481746.241900,total,1249601.00,1250983.00,2500584.00,1250983,1249601,833.00,832.00,1665.00,832,833,0.00,0.00,0,0
1621481747.242276,lo,0.00,0.00,0.00,0,0,0.00,0.00,0.00,0,0,0.00,0.00,0,0
1621481747.242325,s1-eth1,1200204.00,26136.00,1226340.00,26136,1200204,414.00,396.00,810.00,396,414,0.00,0.00,0,0
1621481747.242339,eth0,0.00,0.00,0.00,0,0,0.00,0.00,0.00,0,0,0.00,0.00,0,0
1621481747.242348,s1-eth2,26136.00,1204680.00,1230816.00,1204680,26136,396.00,416.00,812.00,416,396,0.00,0.00,0,0
1621481747.242359,total,1226340.00,1230816.00,2457156.00,1230816,1226340,810.00,812.00,1622.00,812,810,0.00,0.00,0,0
1621481748.243282,lo,0.00,0.00,0.00,0,0,0.00,0.00,0.00,0,0,0.00,0.00,0,0
1621481748.243350,s1-eth1,1191574.50,25978.02,1217552.50,26004,1192766,410.59,393.61,804.20,394,411,0.00,0.00,0,0
1621481748.243377,eth0,0.00,0.00,0.00,0,0,0.00,0.00,0.00,0,0,0.00,0.00,0,0
1621481748.243393,s1-eth2,25912.09,1197492.50,1223404.62,1198690,25938,392.61,412.59,805.19,413,393,0.00,0.00,0,0
1621481748.243413,total,1217486.50,1223470.62,2440957.00,1224694,1218704,803.20,806.19,1609.39,807,804,0.00,0.00,0,0
1621481749.244311,lo,185.81,185.81,371.63,186,186,2.00,2.00,4.00,2,2,0.00,0.00,0,0
1621481749.244355,s1-eth1,1209394.62,26043.96,1235438.62,26070,1210604,417.58,394.61,812.19,395,418,0.00,0.00,0,0
1621481749.244368,eth0,2545.00,11830.00,14375.00,11830,2545,19.00,21.00,40.00,21,19,0.00,0.00,0,0
1621481749.244380,s1-eth2,26070.00,1210604.00,1236674.00,1210604,26070,395.00,418.00,813.00,418,395,0.00,0.00,0,0
1621481749.244717,total,1238166.88,1247442.62,2485609.50,1248690,1239405,833.17,835.16,1668.33,836,834,0.00,0.00,0,0
1621481750.245547,lo,0.00,0.00,0.00,0,0,0.00,0.00,0.00,0,0,0.00,0.00,0,0
1621481750.245608,s1-eth1,1216759.25,26373.63,1243132.88,26400,1217976,419.58,399.60,819.18,400,420,0.00,0.00,0,0
1621481750.245636,eth0,0.00,0.00,0.00,0,0,0.00,0.00,0.00,0,0,0.00,0.00,0,0
1621481750.245653,s1-eth2,26439.56,1219718.38,1246157.88,1220938,26466,400.60,420.58,821.18,421,401,0.00,0.00,0,0
1621481750.245672,total,1244442.00,1247338.00,2491780.00,1247338,1244442,821.00,821.00,1642.00,821,821,0.00,0.00,0,0
1621481751.245849,lo,172.00,172.00,344.00,172,172,3.00,3.00,6.00,3,3,0.00,0.00,0,0
1621481751.245897,s1-eth1,1188356.00,25872.00,1214228.00,25872,1188356,410.00,392.00,802.00,392,410,0.00,0.00,0,0
1621481751.245911,eth0,0.00,0.00,0.00,0,0,0.00,0.00,0.00,0,0,0.00,0.00,0,0
1621481751.245920,s1-eth2,25872.00,1200204.00,1226076.00,1200204,25872,392.00,414.00,806.00,414,392,0.00,0.00,0,0
1621481751.245931,total,1214400.00,1226248.00,2440648.00,1226248,1214400,805.00,809.00,1614.00,809,805,0.00,0.00,0,0
1621481752.246750,lo,0.00,0.00,0.00,0,0,0.00,0.00,0.00,0,0,0.00,0.00,0,0
1621481752.246784,s1-eth1,1186842.00,25872.00,1212714.00,25872,1186842,409.00,392.00,801.00,392,409,0.00,0.00,0,0
1621481752.246797,eth0,313.00,313.00,626.00,313,313,4.00,4.00,8.00,4,4,0.00,0.00,0,0
1621481752.246806,s1-eth2,25872.00,1185394.00,1211266.00,1185394,25872,392.00,409.00,801.00,409,392,0.00,0.00,0,0
1621481752.246816,total,1213027.00,1211579.00,2424606.00,1211579,1213027,805.00,805.00,1610.00,805,805,0.00,0.00,0,0
1621481753.247621,lo,0.00,0.00,0.00,0,0,0.00,0.00,0.00,0,0,0.00,0.00,0,0
1621481753.247656,s1-eth1,1216528.00,26466.00,1242994.00,26466,1216528,420.00,401.00,821.00,401,420,0.00,0.00,0,0
1621481753.247669,eth0,2459.00,2047.00,4506.00,2047,2459,7.00,7.00,14.00,7,7,0.00,0.00,0,0
1621481753.247680,s1-eth2,26470.00,1217976.00,1244446.00,1217976,26470,401.00,420.00,821.00,420,401,0.00,0.00,0,0
1621481753.247691,total,1245457.00,1246489.00,2491946.00,1246489,1245457,828.00,828.00,1656.00,828,828,0.00,0.00,0,0
1621481754.248092,lo,488.00,488.00,976.00,488,488,4.00,4.00,8.00,4,4,0.00,0.00,0,0
1621481754.248153,s1-eth1,1220938.00,26664.00,1247602.00,26664,1220938,421.00,404.00,825.00,404,421,0.00,0.00,0,0
1621481754.248175,eth0,6579.00,5295.00,11874.00,5295,6579,17.00,17.00,34.00,17,17,0.00,0.00,0,0
1621481754.248192,s1-eth2,26664.00,1220938.00,1247602.00,1220938,26664,404.00,421.00,825.00,421,404,0.00,0.00,0,0
1621481754.248227,total,1254669.00,1253385.00,2508054.00,1253385,1254669,846.00,846.00,1692.00,846,846,0.00,0.00,0,0
1621481755.248868,lo,338.00,338.00,676.00,338,338,3.00,3.00,6.00,3,3,0.00,0.00,0,0
1621481755.248918,s1-eth1,1222328.00,25612.00,1247940.00,25612,1222328,464.00,388.00,852.00,388,464,0.00,0.00,0,0
1621481755.248932,eth0,0.00,0.00,0.00,0,0,0.00,0.00,0.00,0,0,0.00,0.00,0,0
1621481755.248943,s1-eth2,25612.00,1226082.00,1251694.00,1226082,25612,388.00,477.00,865.00,477,388,0.00,0.00,0,0
1621481755.248954,total,1248278.00,1252032.00,2500310.00,1252032,1248278,855.00,868.00,1723.00,868,855,0.00,0.00,0,0
1621481756.249107,lo,0.00,0.00,0.00,0,0,0.00,0.00,0.00,0,0,0.00,0.00,0,0
1621481756.249190,s1-eth1,1221862.00,26202.00,1248064.00,26202,1221862,435.00,397.00,832.00,397,435,0.00,0.00,0,0
1621481756.249213,eth0,0.00,0.00,0.00,0,0,0.00,0.00,0.00,0,0,0.00,0.00,0,0
1621481756.249222,s1-eth2,26268.00,1221070.00,1247338.00,1221070,26268,398.00,423.00,821.00,423,398,0.00,0.00,0,0
1621481756.249233,total,1248130.00,1247272.00,2495402.00,1247272,1248130,833.00,820.00,1653.00,820,833,0.00,0.00,0,0
1621481757.250413,lo,0.00,0.00,0.00,0,0,0.00,0.00,0.00,0,0,0.00,0.00,0,0
1621481757.250449,s1-eth1,1222747.25,26637.36,1249384.62,26664,1223970,422.58,403.60,826.17,404,423,0.00,0.00,0,0
1621481757.250463,eth0,0.00,0.00,0.00,0,0,0.00,0.00,0.00,0,0,0.00,0.00,0,0
1621481757.250472,s1-eth2,26637.36,1222677.38,1249314.75,1223900,26664,403.60,421.58,825.17,422,404,0.00,0.00,0,0
1621481757.250482,total,1249384.62,1249314.75,2498699.25,1250564,1250634,826.17,825.17,1651.35,826,827,0.00,0.00,0,0
1621481758.251103,lo,0.00,0.00,0.00,0,0,0.00,0.00,0.00,0,0,0.00,0.00,0,0
1621481758.251136,s1-eth1,1223900.00,26664.00,1250564.00,26664,1223900,422.00,404.00,826.00,404,422,0.00,0.00,0,0
1621481758.251149,eth0,313.00,313.00,626.00,313,313,4.00,4.00,8.00,4,4,0.00,0.00,0,0
1621481758.251159,s1-eth2,26664.00,1222452.00,1249116.00,1222452,26664,404.00,422.00,826.00,422,404,0.00,0.00,0,0
1621481758.251168,total,1250877.00,1249429.00,2500306.00,1249429,1250877,830.00,830.00,1660.00,830,830,0.00,0.00,0,0
1621481759.251801,lo,338.00,338.00,676.00,338,338,3.00,3.00,6.00,3,3,0.00,0.00,0,0
1621481759.251862,s1-eth1,1222522.00,26598.00,1249120.00,26598,1222522,423.00,403.00,826.00,403,423,0.00,0.00,0,0
1621481759.251882,eth0,120.00,120.00,240.00,120,120,2.00,2.00,4.00,2,2,0.00,0.00,0,0
1621481759.251945,s1-eth2,26532.00,1223970.00,1250502.00,1223970,26532,402.00,423.00,825.00,423,402,0.00,0.00,0,0
1621481759.251964,total,1249512.00,1251026.00,2500538.00,1251026,1249512,830.00,831.00,1661.00,831,830,0.00,0.00,0,0
1621481760.253085,lo,0.00,0.00,0.00,0,0,0.00,0.00,0.00,0,0,0.00,0.00,0,0
1621481760.253189,s1-eth1,387898.12,8637.36,396535.47,8646,388286,134.87,130.87,265.73,131,135,0.00,0.00,0,0
1621481760.253222,eth0,0.00,0.00,0.00,0,0,0.00,0.00,0.00,0,0,0.00,0.00,0,0
1621481760.253238,s1-eth2,8703.30,300573.44,309276.72,300874,8712,131.87,104.90,236.76,105,132,0.00,0.00,0,0
1621481760.253257,total,396601.41,309210.81,705812.19,309520,396998,266.73,235.76,502.50,236,267,0.00,0.00,0,0
1621481761.254100,lo,0.00,0.00,0.00,0,0,0.00,0.00,0.00,0,0,0.00,0.00,0,0
1621481761.254184,s1-eth1,0.00,0.00,0.00,0,0,0.00,0.00,0.00,0,0,0.00,0.00,0,0
1621481761.254196,eth0,0.00,0.00,0.00,0,0,0.00,0.00,0.00,0,0,0.00,0.00,0,0
1621481761.254205,s1-eth2,0.00,0.00,0.00,0,0,0.00,0.00,0.00,0,0,0.00,0.00,0,0
1621481761.254213,total,0.00,0.00,0.00,0,0,0.00,0.00,0.00,0,0,0.00,0.00,0,0
1621481762.256351,lo,0.00,0.00,0.00,0,0,0.00,0.00,0.00,0,0,0.00,0.00,0,0
1621481762.256437,s1-eth1,0.00,0.00,0.00,0,0,0.00,0.00,0.00,0,0,0.00,0.00,0,0
1621481762.256455,eth0,0.00,0.00,0.00,0,0,0.00,0.00,0.00,0,0,0.00,0.00,0,0
1621481762.256471,s1-eth2,0.00,0.00,0.00,0,0,0.00,0.00,0.00,0,0,0.00,0.00,0,0
1621481762.256485,total,0.00,0.00,0.00,0,0,0.00,0.00,0.00,0,0,0.00,0.00,0,0
1621481763.257309,lo,0.00,0.00,0.00,0,0,0.00,0.00,0.00,0,0,0.00,0.00,0,0
1621481763.257790,s1-eth1,0.00,0.00,0.00,0,0,0.00,0.00,0.00,0,0,0.00,0.00,0,0
1621481763.257880,eth0,0.00,0.00,0.00,0,0,0.00,0.00,0.00,0,0,0.00,0.00,0,0
1621481763.257902,s1-eth2,0.00,0.00,0.00,0,0,0.00,0.00,0.00,0,0,0.00,0.00,0,0
1621481763.257919,total,0.00,0.00,0.00,0,0,0.00,0.00,0.00,0,0,0.00,0.00,0,0
1621481764.258204,lo,172.00,172.00,344.00,172,172,3.00,3.00,6.00,3,3,0.00,0.00,0,0
1621481764.258258,s1-eth1,0.00,0.00,0.00,0,0,0.00,0.00,0.00,0,0,0.00,0.00,0,0
1621481764.258269,eth0,313.00,313.00,626.00,313,313,4.00,4.00,8.00,4,4,0.00,0.00,0,0
1621481764.258279,s1-eth2,0.00,0.00,0.00,0,0,0.00,0.00,0.00,0,0,0.00,0.00,0,0
1621481764.258287,total,485.00,485.00,970.00,485,485,7.00,7.00,14.00,7,7,0.00,0.00,0,0
1621481765.258432,lo,0.00,0.00,0.00,0,0,0.00,0.00,0.00,0,0,0.00,0.00,0,0
1621481765.258493,s1-eth1,0.00,0.00,0.00,0,0,0.00,0.00,0.00,0,0,0.00,0.00,0,0
1621481765.258504,eth0,0.00,0.00,0.00,0,0,0.00,0.00,0.00,0,0,0.00,0.00,0,0
1621481765.258514,s1-eth2,0.00,0.00,0.00,0,0,0.00,0.00,0.00,0,0,0.00,0.00,0,0
1621481765.258523,total,0.00,0.00,0.00,0,0,0.00,0.00,0.00,0,0,0.00,0.00,0,0
1621481766.260623,lo,0.00,0.00,0.00,0,0,0.00,0.00,0.00,0,0,0.00,0.00,0,0
1621481766.260671,s1-eth1,0.00,0.00,0.00,0,0,0.00,0.00,0.00,0,0,0.00,0.00,0,0
1621481766.260682,eth0,0.00,0.00,0.00,0,0,0.00,0.00,0.00,0,0,0.00,0.00,0,0
1621481766.260691,s1-eth2,0.00,0.00,0.00,0,0,0.00,0.00,0.00,0,0,0.00,0.00,0,0
1621481766.260699,total,0.00,0.00,0.00,0,0,0.00,0.00,0.00,0,0,0.00,0.00,0,0
1621481767.261638,lo,155.84,155.84,311.69,156,156,3.00,3.00,5.99,3,3,0.00,0.00,0,0
1621481767.261699,eth0,359.64,359.64,719.28,360,360,5.99,5.99,11.99,6,6,0.00,0.00,0,0
1621481767.261713,s1-eth2,0.00,0.00,0.00,0,0,0.00,0.00,0.00,0,0,0.00,0.00,0,0
1621481767.261722,total,18428316258828025856.00,18428316258828025856.00,18428316258828025856.00,18446744073708057273,18446744073640695353,18428316258828001280.00,18428316258828003328.00,18428316258827978752.00,18446744073709528977,18446744073709527508,0.00,0.00,0,0
