1621556798.544974,lo,0.00,0.00,0.00,0,0,0.00,0.00,0.00,0,0,0.00,0.00,0,0
1621556798.545054,s1-eth1,0.00,0.00,0.00,0,0,0.00,0.00,0.00,0,0,0.00,0.00,0,0
1621556798.545084,eth0,0.00,0.00,0.00,0,0,0.00,0.00,0.00,0,0,0.00,0.00,0,0
1621556798.545112,s1-eth2,0.00,0.00,0.00,0,0,0.00,0.00,0.00,0,0,0.00,0.00,0,0
1621556798.545134,total,0.00,0.00,0.00,0,0,0.00,0.00,0.00,0,0,0.00,0.00,0,0
1621556799.547291,lo,1666.67,1666.67,3333.33,1670,1670,13.97,13.97,27.94,14,14,0.00,0.00,0,0
1621556799.547350,s1-eth1,1207780.50,26568.86,1234349.38,26622,1210196,425.15,402.20,827.35,403,426,0.00,0.00,0,0
1621556799.547385,eth0,479.04,479.04,958.08,480,480,7.98,7.98,15.97,8,8,0.00,0.00,0,0
1621556799.547416,s1-eth2,27705.59,1206926.12,1234631.75,1209340,27761,410.18,419.16,829.34,420,411,0.00,0.00,0,0
1621556799.547445,total,1237631.75,1235640.75,2473272.50,1238112,1240107,857.29,843.31,1700.60,845,859,0.00,0.00,0,0
1621556800.547714,lo,0.00,0.00,0.00,0,0,0.00,0.00,0.00,0,0,0.00,0.00,0,0
1621556800.547774,s1-eth1,1217322.00,27060.00,1244382.00,27060,1217322,425.00,410.00,835.00,410,425,0.00,0.00,0,0
1621556800.547808,eth0,0.00,0.00,0.00,0,0,0.00,0.00,0.00,0,0,0.00,0.00,0,0
1621556800.547835,s1-eth2,27575.00,1216528.00,1244103.00,1216528,27575,413.00,420.00,833.00,420,413,0.00,0.00,0,0
1621556800.547864,total,1244897.00,1243588.00,2488485.00,1243588,1244897,838.00,830.00,1668.00,830,838,0.00,0.00,0,0
1621556801.550853,lo,0.00,0.00,0.00,0,0,0.00,0.00,0.00,0,0,0.00,0.00,0,0
1621556801.550903,s1-eth1,1180539.38,25926.22,1206465.62,26004,1184081,407.78,392.82,800.60,394,409,0.00,0.00,0,0
1621556801.550935,eth0,0.00,0.00,0.00,0,0,0.00,0.00,0.00,0,0,0.00,0.00,0,0
1621556801.550960,s1-eth2,26192.42,1187754.75,1213947.12,1191318,26271,394.82,409.77,804.59,411,396,0.00,0.00,0,0
1621556801.550996,total,1206731.75,1213681.00,2420412.75,1217322,1210352,802.59,802.59,1605.18,805,805,0.00,0.00,0,0
1621556802.551195,lo,338.00,338.00,676.00,338,338,3.00,3.00,6.00,3,3,0.00,0.00,0,0
1621556802.551254,s1-eth1,1167802.00,25612.00,1193414.00,25612,1167802,404.00,388.00,792.00,388,404,0.00,0.00,0,0
1621556802.551290,eth0,0.00,0.00,0.00,0,0,0.00,0.00,0.00,0,0,0.00,0.00,0,0
1621556802.551380,s1-eth2,25726.00,1169070.00,1194796.00,1169070,25726,388.00,403.00,791.00,403,388,0.00,0.00,0,0
1621556802.551410,total,1193866.00,1195020.00,2388886.00,1195020,1193866,795.00,794.00,1589.00,794,795,0.00,0.00,0,0
1621556803.551585,lo,338.00,338.00,676.00,338,338,3.00,3.00,6.00,3,3,0.00,0.00,0,0
1621556803.551617,s1-eth1,1200611.00,26334.00,1226945.00,26334,1200611,418.00,399.00,817.00,399,418,0.00,0.00,0,0
1621556803.551630,eth0,0.00,0.00,0.00,0,0,0.00,0.00,0.00,0,0,0.00,0.00,0,0
1621556803.551638,s1-eth2,26605.00,1206264.00,1232869.00,1206264,26605,401.00,418.00,819.00,418,401,0.00,0.00,0,0
1621556803.551649,total,1227554.00,1232936.00,2460490.00,1232936,1227554,822.00,820.00,1642.00,820,822,0.00,0.00,0,0
1621556804.552219,lo,0.00,0.00,0.00,0,0,0.00,0.00,0.00,0,0,0.00,0.00,0,0
1621556804.552294,s1-eth1,1223900.00,26862.00,1250762.00,26862,1223900,422.00,407.00,829.00,407,422,0.00,0.00,0,0
1621556804.552338,eth0,0.00,0.00,0.00,0,0,0.00,0.00,0.00,0,0,0.00,0.00,0,0
1621556804.552373,s1-eth2,26928.00,1225414.00,1252342.00,1225414,26928,408.00,423.00,831.00,423,408,0.00,0.00,0,0
1621556804.552408,total,1250828.00,1252276.00,2503104.00,1252276,1250828,830.00,830.00,1660.00,830,830,0.00,0.00,0,0
1621556805.552703,lo,0.00,0.00,0.00,0,0,0.00,0.00,0.00,0,0,0.00,0.00,0,0
1621556805.552791,s1-eth1,1222452.00,26928.00,1249380.00,26928,1222452,422.00,408.00,830.00,408,422,0.00,0.00,0,0
1621556805.552821,eth0,0.00,0.00,0.00,0,0,0.00,0.00,0.00,0,0,0.00,0.00,0,0
1621556805.552832,s1-eth2,26862.00,1220938.00,1247800.00,1220938,26862,407.00,421.00,828.00,421,407,0.00,0.00,0,0
1621556805.552844,total,1249314.00,1247866.00,2497180.00,1247866,1249314,829.00,829.00,1658.00,829,829,0.00,0.00,0,0
1621556806.553598,lo,0.00,0.00,0.00,0,0,0.00,0.00,0.00,0,0,0.00,0.00,0,0
1621556806.553665,s1-eth1,1224080.00,26928.00,1251008.00,26928,1224080,423.00,408.00,831.00,408,423,0.00,0.00,0,0
1621556806.553697,eth0,0.00,0.00,0.00,0,0,0.00,0.00,0.00,0,0,0.00,0.00,0,0
1621556806.553738,s1-eth2,27108.00,1223900.00,1251008.00,1223900,27108,409.00,422.00,831.00,422,409,0.00,0.00,0,0
1621556806.553764,total,1251188.00,1250828.00,2502016.00,1250828,1251188,832.00,830.00,1662.00,830,832,0.00,0.00,0,0
1621556807.553935,lo,0.00,0.00,0.00,0,0,0.00,0.00,0.00,0,0,0.00,0.00,0,0
1621556807.553989,s1-eth1,1226144.00,26004.00,1252148.00,26004,1226144,456.00,394.00,850.00,394,456,0.00,0.00,0,0
1621556807.554024,eth0,0.00,0.00,0.00,0,0,0.00,0.00,0.00,0,0,0.00,0.00,0,0
1621556807.554130,s1-eth2,26004.00,1227790.00,1253794.00,1227790,26004,394.00,459.00,853.00,459,394,0.00,0.00,0,0
1621556807.554160,total,1252148.00,1253794.00,2505942.00,1253794,1252148,850.00,853.00,1703.00,853,850,0.00,0.00,0,0
1621556808.554464,lo,172.00,172.00,344.00,172,172,3.00,3.00,6.00,3,3,0.00,0.00,0,0
1621556808.554519,s1-eth1,1226602.00,26268.00,1252870.00,26268,1226602,441.00,398.00,839.00,398,441,0.00,0.00,0,0
1621556808.554560,eth0,0.00,0.00,0.00,0,0,0.00,0.00,0.00,0,0,0.00,0.00,0,0
1621556808.554586,s1-eth2,26334.00,1224956.00,1251290.00,1224956,26334,399.00,438.00,837.00,438,399,0.00,0.00,0,0
1621556808.554612,total,1253108.00,1251396.00,2504504.00,1251396,1253108,843.00,839.00,1682.00,839,843,0.00,0.00,0,0
1621556809.554915,lo,0.00,0.00,0.00,0,0,0.00,0.00,0.00,0,0,0.00,0.00,0,0
1621556809.554998,s1-eth1,1220938.00,26598.00,1247536.00,26598,1220938,421.00,403.00,824.00,403,421,0.00,0.00,0,0
1621556809.555035,eth0,0.00,0.00,0.00,0,0,0.00,0.00,0.00,0,0,0.00,0.00,0,0
1621556809.555062,s1-eth2,26598.00,1220938.00,1247536.00,1220938,26598,403.00,421.00,824.00,421,403,0.00,0.00,0,0
1621556809.555090,total,1247536.00,1247536.00,2495072.00,1247536,1247536,824.00,824.00,1648.00,824,824,0.00,0.00,0,0
1621556810.555386,lo,338.00,338.00,676.00,338,338,3.00,3.00,6.00,3,3,0.00,0.00,0,0
1621556810.555500,s1-eth1,1206198.00,26404.00,1232602.00,26404,1206198,417.00,400.00,817.00,400,417,0.00,0.00,0,0
1621556810.555533,eth0,0.00,0.00,0.00,0,0,0.00,0.00,0.00,0,0,0.00,0.00,0,0
1621556810.555558,s1-eth2,26338.00,1209090.00,1235428.00,1209090,26338,399.00,417.00,816.00,417,399,0.00,0.00,0,0
1621556810.555584,total,1232874.00,1235832.00,2468706.00,1235832,1232874,819.00,820.00,1639.00,820,819,0.00,0.00,0,0
1621556811.555881,lo,0.00,0.00,0.00,0,0,0.00,0.00,0.00,0,0,0.00,0.00,0,0
1621556811.555946,s1-eth1,1179470.00,25608.00,1205078.00,25608,1179470,407.00,388.00,795.00,388,407,0.00,0.00,0,0
1621556811.555986,eth0,0.00,0.00,0.00,0,0,0.00,0.00,0.00,0,0,0.00,0.00,0,0
1621556811.556018,s1-eth2,25608.00,1185394.00,1211002.00,1185394,25608,388.00,409.00,797.00,409,388,0.00,0.00,0,0
1621556811.556057,total,1205078.00,1211002.00,2416080.00,1211002,1205078,795.00,797.00,1592.00,797,795,0.00,0.00,0,0
1621556812.557914,lo,337.33,337.33,674.65,338,338,2.99,2.99,5.99,3,3,0.00,0.00,0,0
1621556812.557968,s1-eth1,1073656.75,23383.23,1097040.00,23430,1075804,371.26,354.29,725.55,355,372,0.00,0.00,0,0
1621556812.558000,eth0,0.00,0.00,0.00,0,0,0.00,0.00,0.00,0,0,0.00,0.00,0,0
1621556812.558025,s1-eth2,23453.09,1082525.00,1105978.12,1084690,23500,355.29,374.25,729.54,375,356,0.00,0.00,0,0
1621556812.558051,total,1097447.12,1106245.50,2203692.75,1108458,1099642,729.54,731.54,1461.08,733,731,0.00,0.00,0,0
1621556813.558273,lo,0.00,0.00,0.00,0,0,0.00,0.00,0.00,0,0,0.00,0.00,0,0
1621556813.558325,s1-eth1,1026828.00,22440.00,1049268.00,22440,1026828,354.00,340.00,694.00,340,354,0.00,0.00,0,0
1621556813.558356,eth0,0.00,0.00,0.00,0,0,0.00,0.00,0.00,0,0,0.00,0.00,0,0
1621556813.558381,s1-eth2,22440.00,1037228.00,1059668.00,1037228,22440,340.00,358.00,698.00,358,340,0.00,0.00,0,0
1621556813.558407,total,1049268.00,1059668.00,2108936.00,1059668,1049268,694.00,698.00,1392.00,698,694,0.00,0.00,0,0
1621556814.558633,lo,0.00,0.00,0.00,0,0,0.00,0.00,0.00,0,0,0.00,0.00,0,0
1621556814.558690,s1-eth1,1127782.00,24618.00,1152400.00,24618,1127782,390.00,373.00,763.00,373,390,0.00,0.00,0,0
1621556814.558725,eth0,0.00,0.00,0.00,0,0,0.00,0.00,0.00,0,0,0.00,0.00,0,0
1621556814.558752,s1-eth2,24864.00,1145374.00,1170238.00,1145374,24864,375.00,395.00,770.00,395,375,0.00,0.00,0,0
1621556814.558799,total,1152646.00,1169992.00,2322638.00,1169992,1152646,765.00,768.00,1533.00,768,765,0.00,0.00,0,0
1621556815.559110,lo,0.00,0.00,0.00,0,0,0.00,0.00,0.00,0,0,0.00,0.00,0,0
1621556815.559147,s1-eth1,1034266.00,22572.00,1056838.00,22572,1034266,357.00,342.00,699.00,342,357,0.00,0.00,0,0
1621556815.559160,eth0,0.00,0.00,0.00,0,0,0.00,0.00,0.00,0,0,0.00,0.00,0,0
1621556815.559169,s1-eth2,22506.00,1034266.00,1056772.00,1034266,22506,341.00,357.00,698.00,357,341,0.00,0.00,0,0
1621556815.559180,total,1056772.00,1056838.00,2113610.00,1056838,1056772,698.00,699.00,1397.00,699,698,0.00,0.00,0,0
1621556816.559363,lo,0.00,0.00,0.00,0,0,0.00,0.00,0.00,0,0,0.00,0.00,0,0
1621556816.559419,s1-eth1,1139450.00,24750.00,1164200.00,24750,1139450,393.00,375.00,768.00,375,393,0.00,0.00,0,0
1621556816.559453,eth0,0.00,0.00,0.00,0,0,0.00,0.00,0.00,0,0,0.00,0.00,0,0
1621556816.559481,s1-eth2,24750.00,1151298.00,1176048.00,1151298,24750,375.00,397.00,772.00,397,375,0.00,0.00,0,0
1621556816.559510,total,1164200.00,1176048.00,2340248.00,1176048,1164200,768.00,772.00,1540.00,772,768,0.00,0.00,0,0
1621556817.559989,lo,172.00,172.00,344.00,172,172,3.00,3.00,6.00,3,3,0.00,0.00,0,0
1621556817.560045,s1-eth1,1145374.00,25014.00,1170388.00,25014,1145374,395.00,379.00,774.00,379,395,0.00,0.00,0,0
1621556817.560080,eth0,0.00,0.00,0.00,0,0,0.00,0.00,0.00,0,0,0.00,0.00,0,0
1621556817.560107,s1-eth2,25014.00,1151298.00,1176312.00,1151298,25014,379.00,397.00,776.00,397,379,0.00,0.00,0,0
1621556817.560135,total,1170560.00,1176484.00,2347044.00,1176484,1170560,777.00,779.00,1556.00,779,777,0.00,0.00,0,0
1621556818.560664,lo,0.00,0.00,0.00,0,0,0.00,0.00,0.00,0,0,0.00,0.00,0,0
1621556818.560729,s1-eth1,1109830.00,24090.00,1133920.00,24090,1109830,383.00,365.00,748.00,365,383,0.00,0.00,0,0
1621556818.560784,eth0,0.00,0.00,0.00,0,0,0.00,0.00,0.00,0,0,0.00,0.00,0,0
1621556818.560819,s1-eth2,24090.00,1121678.00,1145768.00,1121678,24090,365.00,387.00,752.00,387,365,0.00,0.00,0,0
1621556818.560857,total,1133920.00,1145768.00,2279688.00,1145768,1133920,748.00,752.00,1500.00,752,748,0.00,0.00,0,0
1621556819.561188,lo,0.00,0.00,0.00,0,0,0.00,0.00,0.00,0,0,0.00,0.00,0,0
1621556819.561259,s1-eth1,1142412.00,24948.00,1167360.00,24948,1142412,394.00,378.00,772.00,378,394,0.00,0.00,0,0
1621556819.561296,eth0,0.00,0.00,0.00,0,0,0.00,0.00,0.00,0,0,0.00,0.00,0,0
1621556819.561325,s1-eth2,24948.00,1157222.00,1182170.00,1157222,24948,378.00,399.00,777.00,399,378,0.00,0.00,0,0
1621556819.561355,total,1167360.00,1182170.00,2349530.00,1182170,1167360,772.00,777.00,1549.00,777,772,0.00,0.00,0,0
1621556820.561660,lo,0.00,0.00,0.00,0,0,0.00,0.00,0.00,0,0,0.00,0.00,0,0
1621556820.561752,s1-eth1,1222390.00,26202.00,1248592.00,26202,1222390,443.00,397.00,840.00,397,443,0.00,0.00,0,0
1621556820.561804,eth0,0.00,0.00,0.00,0,0,0.00,0.00,0.00,0,0,0.00,0.00,0,0
1621556820.561842,s1-eth2,26202.00,1224828.00,1251030.00,1224828,26202,397.00,458.00,855.00,458,397,0.00,0.00,0,0
1621556820.561880,total,1248592.00,1251030.00,2499622.00,1251030,1248592,840.00,855.00,1695.00,855,840,0.00,0.00,0,0
1621556821.562066,lo,0.00,0.00,0.00,0,0,0.00,0.00,0.00,0,0,0.00,0.00,0,0
1621556821.562118,s1-eth1,1220484.00,25806.00,1246290.00,25806,1220484,458.00,391.00,849.00,391,458,0.00,0.00,0,0
1621556821.562150,eth0,0.00,0.00,0.00,0,0,0.00,0.00,0.00,0,0,0.00,0.00,0,0
1621556821.562176,s1-eth2,25872.00,1219560.00,1245432.00,1219560,25872,392.00,444.00,836.00,444,392,0.00,0.00,0,0
1621556821.562208,total,1246356.00,1245366.00,2491722.00,1245366,1246356,850.00,835.00,1685.00,835,850,0.00,0.00,0,0
1621556822.562407,lo,172.00,172.00,344.00,172,172,3.00,3.00,6.00,3,3,0.00,0.00,0,0
1621556822.562467,s1-eth1,1222452.00,26532.00,1248984.00,26532,1222452,422.00,402.00,824.00,402,422,0.00,0.00,0,0
1621556822.562555,eth0,0.00,0.00,0.00,0,0,0.00,0.00,0.00,0,0,0.00,0.00,0,0
1621556822.562584,s1-eth2,26532.00,1220938.00,1247470.00,1220938,26532,402.00,421.00,823.00,421,402,0.00,0.00,0,0
1621556822.562657,total,1249156.00,1247642.00,2496798.00,1247642,1249156,827.00,826.00,1653.00,826,827,0.00,0.00,0,0
1621556823.563132,lo,0.00,0.00,0.00,0,0,0.00,0.00,0.00,0,0,0.00,0.00,0,0
1621556823.563198,s1-eth1,1220938.00,26598.00,1247536.00,26598,1220938,421.00,403.00,824.00,403,421,0.00,0.00,0,0
1621556823.563326,eth0,0.00,0.00,0.00,0,0,0.00,0.00,0.00,0,0,0.00,0.00,0,0
1621556823.563365,s1-eth2,26598.00,1222452.00,1249050.00,1222452,26598,403.00,422.00,825.00,422,403,0.00,0.00,0,0
1621556823.563401,total,1247536.00,1249050.00,2496586.00,1249050,1247536,824.00,825.00,1649.00,825,824,0.00,0.00,0,0
1621556824.563937,lo,338.00,338.00,676.00,338,338,3.00,3.00,6.00,3,3,0.00,0.00,0,0
1621556824.564025,s1-eth1,1223900.00,26734.00,1250634.00,26734,1223900,422.00,405.00,827.00,405,422,0.00,0.00,0,0
1621556824.564099,eth0,0.00,0.00,0.00,0,0,0.00,0.00,0.00,0,0,0.00,0.00,0,0
1621556824.564128,s1-eth2,26668.00,1226862.00,1253530.00,1226862,26668,404.00,423.00,827.00,423,404,0.00,0.00,0,0
1621556824.564157,total,1250906.00,1253934.00,2504840.00,1253934,1250906,829.00,831.00,1660.00,831,829,0.00,0.00,0,0
1621556825.565274,lo,0.00,0.00,0.00,0,0,0.00,0.00,0.00,0,0,0.00,0.00,0,0
1621556825.565359,s1-eth1,1199005.00,26043.96,1225049.00,26070,1200204,413.59,394.61,808.19,395,414,0.00,0.00,0,0
1621556825.565395,eth0,0.00,0.00,0.00,0,0,0.00,0.00,0.00,0,0,0.00,0.00,0,0
1621556825.565422,s1-eth2,26109.89,1201964.12,1228074.00,1203166,26136,395.60,414.59,810.19,415,396,0.00,0.00,0,0
1621556825.565452,total,1225114.88,1228008.00,2453123.00,1229236,1226340,809.19,809.19,1618.38,810,810,0.00,0.00,0,0
1621556826.565745,lo,0.00,0.00,0.00,0,0,0.00,0.00,0.00,0,0,0.00,0.00,0,0
1621556826.565796,s1-eth1,1222522.00,26532.00,1249054.00,26532,1222522,423.00,402.00,825.00,402,423,0.00,0.00,0,0
1621556826.565827,eth0,0.00,0.00,0.00,0,0,0.00,0.00,0.00,0,0,0.00,0.00,0,0
1621556826.565851,s1-eth2,26532.00,1220938.00,1247470.00,1220938,26532,402.00,421.00,823.00,421,402,0.00,0.00,0,0
1621556826.565877,total,1249054.00,1247470.00,2496524.00,1247470,1249054,825.00,823.00,1648.00,823,825,0.00,0.00,0,0
1621556827.566798,lo,465.53,465.53,931.07,466,466,5.00,5.00,9.99,5,5,0.00,0.00,0,0
1621556827.566894,s1-eth1,1173862.12,25624.38,1199486.50,25650,1175036,405.59,388.61,794.21,389,406,0.00,0.00,0,0
1621556827.566933,eth0,0.00,0.00,0.00,0,0,0.00,0.00,0.00,0,0,0.00,0.00,0,0
1621556827.566960,s1-eth2,25624.38,1184251.75,1209876.12,1185436,25650,388.61,409.59,798.20,410,389,0.00,0.00,0,0
1621556827.566990,total,1199952.12,1210341.75,2410293.75,1211552,1201152,799.20,803.20,1602.40,804,800,0.00,0.00,0,0
1621556828.567589,lo,0.00,0.00,0.00,0,0,0.00,0.00,0.00,0,0,0.00,0.00,0,0
1621556828.567663,s1-eth1,997208.00,21714.00,1018922.00,21714,997208,344.00,329.00,673.00,329,344,0.00,0.00,0,0
1621556828.567713,eth0,0.00,0.00,0.00,0,0,0.00,0.00,0.00,0,0,0.00,0.00,0,0
1621556828.567752,s1-eth2,21714.00,1006094.00,1027808.00,1006094,21714,329.00,347.00,676.00,347,329,0.00,0.00,0,0
1621556828.567790,total,1018922.00,1027808.00,2046730.00,1027808,1018922,673.00,676.00,1349.00,676,673,0.00,0.00,0,0
1621556829.568727,lo,0.00,0.00,0.00,0,0,0.00,0.00,0.00,0,0,0.00,0.00,0,0
1621556829.568781,s1-eth1,1187168.88,25846.15,1213015.00,25872,1188356,409.59,391.61,801.20,392,410,0.00,0.00,0,0
1621556829.568874,eth0,0.00,0.00,0.00,0,0,0.00,0.00,0.00,0,0,0.00,0.00,0,0
1621556829.568904,s1-eth2,25846.15,1190127.88,1215974.00,1191318,25872,391.61,410.59,802.20,411,392,0.00,0.00,0,0
1621556829.568934,total,1213015.00,1215974.00,2428989.00,1217190,1214228,801.20,802.20,1603.40,803,802,0.00,0.00,0,0
1621556830.569226,lo,338.00,338.00,676.00,338,338,3.00,3.00,6.00,3,3,0.00,0.00,0,0
1621556830.569277,s1-eth1,1087832.00,23694.00,1111526.00,23694,1087832,377.00,359.00,736.00,359,377,0.00,0.00,0,0
1621556830.569308,eth0,0.00,0.00,0.00,0,0,0.00,0.00,0.00,0,0,0.00,0.00,0,0
1621556830.569332,s1-eth2,23874.00,1092128.00,1116002.00,1092128,23874,360.00,378.00,738.00,378,360,0.00,0.00,0,0
1621556830.569358,total,1112044.00,1116160.00,2228204.00,1116160,1112044,740.00,740.00,1480.00,740,740,0.00,0.00,0,0
1621556831.569565,lo,0.00,0.00,0.00,0,0,0.00,0.00,0.00,0,0,0.00,0.00,0,0
1621556831.569621,s1-eth1,1219490.00,26598.00,1246088.00,26598,1219490,421.00,403.00,824.00,403,421,0.00,0.00,0,0
1621556831.569667,eth0,0.00,0.00,0.00,0,0,0.00,0.00,0.00,0,0,0.00,0.00,0,0
1621556831.569695,s1-eth2,26602.00,1220938.00,1247540.00,1220938,26602,403.00,421.00,824.00,421,403,0.00,0.00,0,0
1621556831.569723,total,1246092.00,1247536.00,2493628.00,1247536,1246092,824.00,824.00,1648.00,824,824,0.00,0.00,0,0
1621556832.569985,lo,0.00,0.00,0.00,0,0,0.00,0.00,0.00,0,0,0.00,0.00,0,0
1621556832.570051,s1-eth1,1223574.00,26400.00,1249974.00,26400,1223574,439.00,400.00,839.00,400,439,0.00,0.00,0,0
1621556832.570086,eth0,0.00,0.00,0.00,0,0,0.00,0.00,0.00,0,0,0.00,0.00,0,0
1621556832.570113,s1-eth2,26400.00,1226276.00,1252676.00,1226276,26400,400.00,458.00,858.00,458,400,0.00,0.00,0,0
1621556832.570141,total,1249974.00,1252676.00,2502650.00,1252676,1249974,839.00,858.00,1697.00,858,839,0.00,0.00,0,0
1621556833.570660,lo,0.00,0.00,0.00,0,0,0.00,0.00,0.00,0,0,0.00,0.00,0,0
1621556833.570716,s1-eth1,1169210.00,24354.00,1193564.00,24354,1169210,449.00,369.00,818.00,369,449,0.00,0.00,0,0
1621556833.570751,eth0,0.00,0.00,0.00,0,0,0.00,0.00,0.00,0,0,0.00,0.00,0,0
1621556833.570778,s1-eth2,24420.00,1175394.00,1199814.00,1175394,24420,370.00,433.00,803.00,433,370,0.00,0.00,0,0
1621556833.570806,total,1193630.00,1199748.00,2393378.00,1199748,1193630,819.00,802.00,1621.00,802,819,0.00,0.00,0,0
1621556834.570972,lo,0.00,0.00,0.00,0,0,0.00,0.00,0.00,0,0,0.00,0.00,0,0
1621556834.571022,s1-eth1,1139450.00,24750.00,1164200.00,24750,1139450,393.00,375.00,768.00,375,393,0.00,0.00,0,0
1621556834.571053,eth0,0.00,0.00,0.00,0,0,0.00,0.00,0.00,0,0,0.00,0.00,0,0
1621556834.571078,s1-eth2,24750.00,1148336.00,1173086.00,1148336,24750,375.00,396.00,771.00,396,375,0.00,0.00,0,0
1621556834.571103,total,1164200.00,1173086.00,2337286.00,1173086,1164200,768.00,771.00,1539.00,771,768,0.00,0.00,0,0
1621556835.571543,lo,172.00,172.00,344.00,172,172,3.00,3.00,6.00,3,3,0.00,0.00,0,0
1621556835.571601,s1-eth1,1217976.00,26532.00,1244508.00,26532,1217976,420.00,402.00,822.00,402,420,0.00,0.00,0,0
1621556835.571636,eth0,0.00,0.00,0.00,0,0,0.00,0.00,0.00,0,0,0.00,0.00,0,0
1621556835.571668,s1-eth2,26532.00,1217976.00,1244508.00,1217976,26532,402.00,420.00,822.00,420,402,0.00,0.00,0,0
1621556835.571697,total,1244680.00,1244680.00,2489360.00,1244680,1244680,825.00,825.00,1650.00,825,825,0.00,0.00,0,0
1621556836.572069,lo,0.00,0.00,0.00,0,0,0.00,0.00,0.00,0,0,0.00,0.00,0,0
1621556836.572140,s1-eth1,1223900.00,26730.00,1250630.00,26730,1223900,422.00,405.00,827.00,405,422,0.00,0.00,0,0
1621556836.572176,eth0,0.00,0.00,0.00,0,0,0.00,0.00,0.00,0,0,0.00,0.00,0,0
1621556836.572244,s1-eth2,26664.00,1222452.00,1249116.00,1222452,26664,404.00,422.00,826.00,422,404,0.00,0.00,0,0
1621556836.572305,total,1250564.00,1249182.00,2499746.00,1249182,1250564,826.00,827.00,1653.00,827,826,0.00,0.00,0,0
1621556837.572921,lo,0.00,0.00,0.00,0,0,0.00,0.00,0.00,0,0,0.00,0.00,0,0
1621556837.572968,s1-eth1,1133526.00,24684.00,1158210.00,24684,1133526,391.00,374.00,765.00,374,391,0.00,0.00,0,0
1621556837.572982,eth0,0.00,0.00,0.00,0,0,0.00,0.00,0.00,0,0,0.00,0.00,0,0
1621556837.572991,s1-eth2,24684.00,1160184.00,1184868.00,1160184,24684,374.00,400.00,774.00,400,374,0.00,0.00,0,0
1621556837.573002,total,1158210.00,1184868.00,2343078.00,1184868,1158210,765.00,774.00,1539.00,774,765,0.00,0.00,0,0
1621556838.573267,lo,0.00,0.00,0.00,0,0,0.00,0.00,0.00,0,0,0.00,0.00,0,0
1621556838.573324,s1-eth1,1115754.00,24288.00,1140042.00,24288,1115754,385.00,368.00,753.00,368,385,0.00,0.00,0,0
1621556838.573358,eth0,0.00,0.00,0.00,0,0,0.00,0.00,0.00,0,0,0.00,0.00,0,0
1621556838.573386,s1-eth2,24288.00,1121678.00,1145966.00,1121678,24288,368.00,387.00,755.00,387,368,0.00,0.00,0,0
1621556838.573418,total,1140042.00,1145966.00,2286008.00,1145966,1140042,753.00,755.00,1508.00,755,753,0.00,0.00,0,0
1621556839.574980,lo,0.00,0.00,0.00,0,0,0.00,0.00,0.00,0,0,0.00,0.00,0,0
1621556839.575013,s1-eth1,1144229.75,24857.14,1169087.00,24882,1145374,394.61,376.62,771.23,377,395,0.00,0.00,0,0
1621556839.575026,eth0,0.00,0.00,0.00,0,0,0.00,0.00,0.00,0,0,0.00,0.00,0,0
1621556839.575049,s1-eth2,24923.08,1150147.88,1175071.00,1151298,24948,377.62,396.60,774.23,397,378,0.00,0.00,0,0
1621556839.575061,total,1169152.88,1175005.00,2344158.00,1176180,1170322,772.23,773.23,1545.45,774,773,0.00,0.00,0,0
1621556840.575486,lo,172.00,172.00,344.00,172,172,3.00,3.00,6.00,3,3,0.00,0.00,0,0
1621556840.575533,s1-eth1,1124640.00,24552.00,1149192.00,24552,1124640,388.00,372.00,760.00,372,388,0.00,0.00,0,0
1621556840.575547,eth0,0.00,0.00,0.00,0,0,0.00,0.00,0.00,0,0,0.00,0.00,0,0
1621556840.575556,s1-eth2,24486.00,1127602.00,1152088.00,1127602,24486,371.00,389.00,760.00,389,371,0.00,0.00,0,0
1621556840.575566,total,1149298.00,1152326.00,2301624.00,1152326,1149298,762.00,764.00,1526.00,764,762,0.00,0.00,0,0
1621556841.575851,lo,0.00,0.00,0.00,0,0,0.00,0.00,0.00,0,0,0.00,0.00,0,0
1621556841.575907,s1-eth1,1223900.00,26598.00,1250498.00,26598,1223900,422.00,403.00,825.00,403,422,0.00,0.00,0,0
1621556841.575942,eth0,0.00,0.00,0.00,0,0,0.00,0.00,0.00,0,0,0.00,0.00,0,0
1621556841.575969,s1-eth2,26664.00,1223900.00,1250564.00,1223900,26664,404.00,422.00,826.00,422,404,0.00,0.00,0,0
1621556841.575998,total,1250564.00,1250498.00,2501062.00,1250498,1250564,826.00,825.00,1651.00,825,826,0.00,0.00,0,0
1621556842.576164,lo,0.00,0.00,0.00,0,0,0.00,0.00,0.00,0,0,0.00,0.00,0,0
1621556842.576195,s1-eth1,1209090.00,26334.00,1235424.00,26334,1209090,417.00,399.00,816.00,399,417,0.00,0.00,0,0
1621556842.576208,eth0,0.00,0.00,0.00,0,0,0.00,0.00,0.00,0,0,0.00,0.00,0,0
1621556842.576217,s1-eth2,26268.00,1209090.00,1235358.00,1209090,26268,398.00,417.00,815.00,417,398,0.00,0.00,0,0
1621556842.576228,total,1235358.00,1235424.00,2470782.00,1235424,1235358,815.00,816.00,1631.00,816,815,0.00,0.00,0,0
1621556843.577198,lo,0.00,0.00,0.00,0,0,0.00,0.00,0.00,0,0,0.00,0.00,0,0
1621556843.577257,s1-eth1,1166455.62,25384.62,1191840.25,25410,1167622,402.60,384.62,787.21,385,403,0.00,0.00,0,0
1621556843.577294,eth0,0.00,0.00,0.00,0,0,0.00,0.00,0.00,0,0,0.00,0.00,0,0
1621556843.577321,s1-eth2,25450.55,1166455.62,1191906.12,1167622,25476,385.61,402.60,788.21,403,386,0.00,0.00,0,0
1621556843.577351,total,1191906.12,1191840.25,2383746.25,1193032,1193098,788.21,787.21,1575.42,788,789,0.00,0.00,0,0
1621556844.577850,lo,0.00,0.00,0.00,0,0,0.00,0.00,0.00,0,0,0.00,0.00,0,0
1621556844.577938,s1-eth1,1220938.00,26730.00,1247668.00,26730,1220938,421.00,405.00,826.00,405,421,0.00,0.00,0,0
1621556844.577983,eth0,0.00,0.00,0.00,0,0,0.00,0.00,0.00,0,0,0.00,0.00,0,0
1621556844.578056,s1-eth2,26730.00,1217976.00,1244706.00,1217976,26730,405.00,420.00,825.00,420,405,0.00,0.00,0,0
1621556844.578097,total,1247668.00,1244706.00,2492374.00,1244706,1247668,826.00,825.00,1651.00,825,826,0.00,0.00,0,0
1621556845.578566,lo,172.00,172.00,344.00,172,172,3.00,3.00,6.00,3,3,0.00,0.00,0,0
1621556845.578599,s1-eth1,1220810.00,26004.00,1246814.00,26004,1220810,441.00,394.00,835.00,394,441,0.00,0.00,0,0
1621556845.578612,eth0,0.00,0.00,0.00,0,0,0.00,0.00,0.00,0,0,0.00,0.00,0,0
1621556845.578622,s1-eth2,26004.00,1225422.00,1251426.00,1225422,26004,394.00,467.00,861.00,467,394,0.00,0.00,0,0
1621556845.578633,total,1246986.00,1251598.00,2498584.00,1251598,1246986,838.00,864.00,1702.00,864,838,0.00,0.00,0,0
1621556846.579141,lo,0.00,0.00,0.00,0,0,0.00,0.00,0.00,0,0,0.00,0.00,0,0
1621556846.579227,s1-eth1,1181058.00,24750.00,1205808.00,24750,1181058,453.00,375.00,828.00,375,453,0.00,0.00,0,0
1621556846.579263,eth0,0.00,0.00,0.00,0,0,0.00,0.00,0.00,0,0,0.00,0.00,0,0
1621556846.579290,s1-eth2,24684.00,1185332.00,1210016.00,1185332,24684,374.00,430.00,804.00,430,374,0.00,0.00,0,0
1621556846.579319,total,1205742.00,1210082.00,2415824.00,1210082,1205742,827.00,805.00,1632.00,805,827,0.00,0.00,0,0
1621556847.580153,lo,0.00,0.00,0.00,0,0,0.00,0.00,0.00,0,0,0.00,0.00,0,0
1621556847.580211,s1-eth1,1158736.00,25146.00,1183882.00,25146,1158736,400.00,381.00,781.00,381,400,0.00,0.00,0,0
1621556847.580246,eth0,0.00,0.00,0.00,0,0,0.00,0.00,0.00,0,0,0.00,0.00,0,0
1621556847.580273,s1-eth2,25212.00,1170584.00,1195796.00,1170584,25212,382.00,404.00,786.00,404,382,0.00,0.00,0,0
1621556847.580313,total,1183948.00,1195730.00,2379678.00,1195730,1183948,782.00,785.00,1567.00,785,782,0.00,0.00,0,0
1621556848.580862,lo,0.00,0.00,0.00,0,0,0.00,0.00,0.00,0,0,0.00,0.00,0,0
1621556848.581033,s1-eth1,1169070.00,25476.00,1194546.00,25476,1169070,403.00,386.00,789.00,386,403,0.00,0.00,0,0
1621556848.581076,eth0,0.00,0.00,0.00,0,0,0.00,0.00,0.00,0,0,0.00,0.00,0,0
1621556848.581150,s1-eth2,25476.00,1173546.00,1199022.00,1173546,25476,386.00,405.00,791.00,405,386,0.00,0.00,0,0
1621556848.581179,total,1194546.00,1199022.00,2393568.00,1199022,1194546,789.00,791.00,1580.00,791,789,0.00,0.00,0,0
1621556849.581792,lo,0.00,0.00,0.00,0,0,0.00,0.00,0.00,0,0,0.00,0.00,0,0
1621556849.581853,s1-eth1,1200204.00,26136.00,1226340.00,26136,1200204,414.00,396.00,810.00,396,414,0.00,0.00,0,0
1621556849.581891,eth0,0.00,0.00,0.00,0,0,0.00,0.00,0.00,0,0,0.00,0.00,0,0
1621556849.581921,s1-eth2,26070.00,1206128.00,1232198.00,1206128,26070,395.00,416.00,811.00,416,395,0.00,0.00,0,0
1621556849.581952,total,1226274.00,1232264.00,2458538.00,1232264,1226274,809.00,812.00,1621.00,812,809,0.00,0.00,0,0
1621556850.582411,lo,172.00,172.00,344.00,172,172,3.00,3.00,6.00,3,3,0.00,0.00,0,0
1621556850.582500,s1-eth1,1222452.00,26664.00,1249116.00,26664,1222452,422.00,404.00,826.00,404,422,0.00,0.00,0,0
1621556850.582537,eth0,0.00,0.00,0.00,0,0,0.00,0.00,0.00,0,0,0.00,0.00,0,0
1621556850.582566,s1-eth2,26664.00,1223900.00,1250564.00,1223900,26664,404.00,422.00,826.00,422,404,0.00,0.00,0,0
1621556850.582596,total,1249288.00,1250736.00,2500024.00,1250736,1249288,829.00,829.00,1658.00,829,829,0.00,0.00,0,0
1621556851.582866,lo,0.00,0.00,0.00,0,0,0.00,0.00,0.00,0,0,0.00,0.00,0,0
1621556851.582949,s1-eth1,1220938.00,26598.00,1247536.00,26598,1220938,421.00,403.00,824.00,403,421,0.00,0.00,0,0
1621556851.582985,eth0,0.00,0.00,0.00,0,0,0.00,0.00,0.00,0,0,0.00,0.00,0,0
1621556851.583014,s1-eth2,26598.00,1220938.00,1247536.00,1220938,26598,403.00,421.00,824.00,421,403,0.00,0.00,0,0
1621556851.583044,total,1247536.00,1247536.00,2495072.00,1247536,1247536,824.00,824.00,1648.00,824,824,0.00,0.00,0,0
1621556852.583242,lo,0.00,0.00,0.00,0,0,0.00,0.00,0.00,0,0,0.00,0.00,0,0
1621556852.583297,s1-eth1,1223900.00,26598.00,1250498.00,26598,1223900,422.00,403.00,825.00,403,422,0.00,0.00,0,0
1621556852.583367,eth0,0.00,0.00,0.00,0,0,0.00,0.00,0.00,0,0,0.00,0.00,0,0
1621556852.583398,s1-eth2,26664.00,1222452.00,1249116.00,1222452,26664,404.00,422.00,826.00,422,404,0.00,0.00,0,0
1621556852.583429,total,1250564.00,1249050.00,2499614.00,1249050,1250564,826.00,825.00,1651.00,825,826,0.00,0.00,0,0
1621556853.583912,lo,0.00,0.00,0.00,0,0,0.00,0.00,0.00,0,0,0.00,0.00,0,0
1621556853.583962,s1-eth1,1220938.00,26598.00,1247536.00,26598,1220938,421.00,403.00,824.00,403,421,0.00,0.00,0,0
1621556853.583995,eth0,0.00,0.00,0.00,0,0,0.00,0.00,0.00,0,0,0.00,0.00,0,0
1621556853.584021,s1-eth2,26598.00,1223900.00,1250498.00,1223900,26598,403.00,422.00,825.00,422,403,0.00,0.00,0,0
1621556853.584047,total,1247536.00,1250498.00,2498034.00,1250498,1247536,824.00,825.00,1649.00,825,824,0.00,0.00,0,0
1621556854.584384,lo,0.00,0.00,0.00,0,0,0.00,0.00,0.00,0,0,0.00,0.00,0,0
1621556854.584442,s1-eth1,1222452.00,26598.00,1249050.00,26598,1222452,422.00,403.00,825.00,403,422,0.00,0.00,0,0
1621556854.584477,eth0,0.00,0.00,0.00,0,0,0.00,0.00,0.00,0,0,0.00,0.00,0,0
1621556854.584506,s1-eth2,26598.00,1220938.00,1247536.00,1220938,26598,403.00,421.00,824.00,421,403,0.00,0.00,0,0
1621556854.584536,total,1249050.00,1247536.00,2496586.00,1247536,1249050,825.00,824.00,1649.00,824,825,0.00,0.00,0,0
1621556855.584811,lo,172.00,172.00,344.00,172,172,3.00,3.00,6.00,3,3,0.00,0.00,0,0
1621556855.584897,s1-eth1,1223900.00,26730.00,1250630.00,26730,1223900,422.00,405.00,827.00,405,422,0.00,0.00,0,0
1621556855.584946,eth0,0.00,0.00,0.00,0,0,0.00,0.00,0.00,0,0,0.00,0.00,0,0
1621556855.584973,s1-eth2,26664.00,1225414.00,1252078.00,1225414,26664,404.00,423.00,827.00,423,404,0.00,0.00,0,0
1621556855.584999,total,1250736.00,1252316.00,2503052.00,1252316,1250736,829.00,831.00,1660.00,831,829,0.00,0.00,0,0
1621556856.585129,lo,338.00,338.00,676.00,338,338,3.00,3.00,6.00,3,3,0.00,0.00,0,0
1621556856.585252,s1-eth1,1221008.00,26668.00,1247676.00,26668,1221008,422.00,404.00,826.00,404,422,0.00,0.00,0,0
1621556856.585302,eth0,0.00,0.00,0.00,0,0,0.00,0.00,0.00,0,0,0.00,0.00,0,0
1621556856.585338,s1-eth2,26668.00,1220938.00,1247606.00,1220938,26668,404.00,421.00,825.00,421,404,0.00,0.00,0,0
1621556856.585377,total,1248014.00,1247944.00,2495958.00,1247944,1248014,829.00,828.00,1657.00,828,829,0.00,0.00,0,0
1621556857.585625,lo,0.00,0.00,0.00,0,0,0.00,0.00,0.00,0,0,0.00,0.00,0,0
1621556857.585691,s1-eth1,1222452.00,26706.00,1249158.00,26706,1222452,422.00,405.00,827.00,405,422,0.00,0.00,0,0
1621556857.585754,eth0,0.00,0.00,0.00,0,0,0.00,0.00,0.00,0,0,0.00,0.00,0,0
1621556857.585788,s1-eth2,26772.00,1222366.00,1249138.00,1222366,26772,406.00,443.00,849.00,443,406,0.00,0.00,0,0
1621556857.585817,total,1249224.00,1249072.00,2498296.00,1249072,1249224,828.00,848.00,1676.00,848,828,0.00,0.00,0,0
1621556858.586235,lo,0.00,0.00,0.00,0,0,0.00,0.00,0.00,0,0,0.00,0.00,0,0
1621556858.586297,s1-eth1,1228628.00,25212.00,1253840.00,25212,1228628,494.00,382.00,876.00,382,494,0.00,0.00,0,0
1621556858.586376,eth0,0.00,0.00,0.00,0,0,0.00,0.00,0.00,0,0,0.00,0.00,0,0
1621556858.586404,s1-eth2,25212.00,1225752.00,1250964.00,1225752,25212,382.00,472.00,854.00,472,382,0.00,0.00,0,0
1621556858.586433,total,1253840.00,1250964.00,2504804.00,1250964,1253840,876.00,854.00,1730.00,854,876,0.00,0.00,0,0
1621556859.586687,lo,0.00,0.00,0.00,0,0,0.00,0.00,0.00,0,0,0.00,0.00,0,0
1621556859.586743,s1-eth1,1040190.00,22638.00,1062828.00,22638,1040190,359.00,343.00,702.00,343,359,0.00,0.00,0,0
1621556859.586789,eth0,0.00,0.00,0.00,0,0,0.00,0.00,0.00,0,0,0.00,0.00,0,0
1621556859.586814,s1-eth2,22638.00,1066848.00,1089486.00,1066848,22638,343.00,368.00,711.00,368,343,0.00,0.00,0,0
1621556859.586840,total,1062828.00,1089486.00,2152314.00,1089486,1062828,702.00,711.00,1413.00,711,702,0.00,0.00,0,0
1621556860.587069,lo,0.00,0.00,0.00,0,0,0.00,0.00,0.00,0,0,0.00,0.00,0,0
1621556860.587115,s1-eth1,852004.00,18612.00,870616.00,18612,852004,294.00,282.00,576.00,282,294,0.00,0.00,0,0
1621556860.587192,eth0,0.00,0.00,0.00,0,0,0.00,0.00,0.00,0,0,0.00,0.00,0,0
1621556860.587248,s1-eth2,18612.00,860890.00,879502.00,860890,18612,282.00,297.00,579.00,297,282,0.00,0.00,0,0
1621556860.587282,total,870616.00,879502.00,1750118.00,879502,870616,576.00,579.00,1155.00,579,576,0.00,0.00,0,0
1621556861.587611,lo,172.00,172.00,344.00,172,172,3.00,3.00,6.00,3,3,0.00,0.00,0,0
1621556861.587670,s1-eth1,1223900.00,26598.00,1250498.00,26598,1223900,422.00,403.00,825.00,403,422,0.00,0.00,0,0
1621556861.587705,eth0,0.00,0.00,0.00,0,0,0.00,0.00,0.00,0,0,0.00,0.00,0,0
1621556861.587738,s1-eth2,26598.00,1133526.00,1160124.00,1133526,26598,403.00,391.00,794.00,391,403,0.00,0.00,0,0
1621556861.587767,total,1250670.00,1160296.00,2410966.00,1160296,1250670,828.00,797.00,1625.00,797,828,0.00,0.00,0,0
1621556862.597852,lo,334.65,334.65,669.31,338,338,2.97,2.97,5.94,3,3,0.00,0.00,0,0
1621556862.597930,s1-eth1,171972.28,3920.79,175893.06,3960,173692,62.38,59.41,121.78,60,63,0.00,0.00,0,0
1621556862.597961,eth0,0.00,0.00,0.00,0,0,0.00,0.00,0.00,0,0,0.00,0.00,0,0
1621556862.597986,s1-eth2,4099.01,134.65,4233.66,136,4140,60.40,1.98,62.38,2,61,0.00,0.00,0,0
1621556862.598010,total,176405.94,4390.10,180796.05,4434,178170,125.74,64.36,190.10,65,127,0.00,0.00,0,0
1621556863.599394,lo,0.00,0.00,0.00,0,0,0.00,0.00,0.00,0,0,0.00,0.00,0,0
1621556863.599461,s1-eth1,0.00,0.00,0.00,0,0,0.00,0.00,0.00,0,0,0.00,0.00,0,0
1621556863.599487,eth0,69.93,0.00,69.93,0,70,1.00,0.00,1.00,0,1,0.00,0.00,0,0
1621556863.599513,s1-eth2,0.00,0.00,0.00,0,0,0.00,0.00,0.00,0,0,0.00,0.00,0,0
1621556863.599533,total,69.93,0.00,69.93,0,70,1.00,0.00,1.00,0,1,0.00,0.00,0,0
1621556864.602066,lo,0.00,0.00,0.00,0,0,0.00,0.00,0.00,0,0,0.00,0.00,0,0
1621556864.602134,s1-eth1,0.00,0.00,0.00,0,0,0.00,0.00,0.00,0,0,0.00,0.00,0,0
1621556864.602160,eth0,0.00,0.00,0.00,0,0,0.00,0.00,0.00,0,0,0.00,0.00,0,0
1621556864.602184,s1-eth2,0.00,0.00,0.00,0,0,0.00,0.00,0.00,0,0,0.00,0.00,0,0
1621556864.602219,total,0.00,0.00,0.00,0,0,0.00,0.00,0.00,0,0,0.00,0.00,0,0
1621556865.642906,lo,0.00,0.00,0.00,0,0,0.00,0.00,0.00,0,0,0.00,0.00,0,0
1621556865.642975,s1-eth1,0.00,0.00,0.00,0,0,0.00,0.00,0.00,0,0,0.00,0.00,0,0
1621556865.643001,eth0,0.00,0.00,0.00,0,0,0.00,0.00,0.00,0,0,0.00,0.00,0,0
1621556865.643025,s1-eth2,0.00,0.00,0.00,0,0,0.00,0.00,0.00,0,0,0.00,0.00,0,0
1621556865.643045,total,0.00,0.00,0.00,0,0,0.00,0.00,0.00,0,0,0.00,0.00,0,0
1621556866.651527,lo,0.00,0.00,0.00,0,0,0.00,0.00,0.00,0,0,0.00,0.00,0,0
1621556866.651571,s1-eth1,0.00,0.00,0.00,0,0,0.00,0.00,0.00,0,0,0.00,0.00,0,0
1621556866.651581,eth0,158.73,0.00,158.73,0,160,0.99,0.00,0.99,0,1,0.00,0.00,0,0
1621556866.651590,s1-eth2,0.00,0.00,0.00,0,0,0.00,0.00,0.00,0,0,0.00,0.00,0,0
1621556866.651597,total,158.73,0.00,158.73,0,160,0.99,0.00,0.99,0,1,0.00,0.00,0,0
1621556867.658319,lo,170.97,170.97,341.95,172,172,2.98,2.98,5.96,3,3,0.00,0.00,0,0
1621556867.658393,s1-eth1,0.00,0.00,0.00,0,0,0.00,0.00,0.00,0,0,0.00,0.00,0,0
1621556867.658422,eth0,0.00,0.00,0.00,0,0,0.00,0.00,0.00,0,0,0.00,0.00,0,0
1621556867.658449,s1-eth2,0.00,0.00,0.00,0,0,0.00,0.00,0.00,0,0,0.00,0.00,0,0
1621556867.658471,total,170.97,170.97,341.95,172,172,2.98,2.98,5.96,3,3,0.00,0.00,0,0
1621556868.658790,lo,156.00,156.00,312.00,156,156,3.00,3.00,6.00,3,3,0.00,0.00,0,0
1621556868.658857,eth0,0.00,0.00,0.00,0,0,0.00,0.00,0.00,0,0,0.00,0.00,0,0
1621556868.658880,total,18446744073709551616.00,18446744073709551616.00,18446744073709551616.00,18446744073632665837,18446744073632659091,18446744073709500416.00,18446744073709500416.00,18446744073709449216.00,18446744073709500547,18446744073709500500,0.00,0.00,0,0
