1621557741.008638,lo,0.00,0.00,0.00,0,0,0.00,0.00,0.00,0,0,0.00,0.00,0,0
1621557741.008704,s3-eth1,0.00,0.00,0.00,0,0,0.00,0.00,0.00,0,0,0.00,0.00,0,0
1621557741.008752,s3-eth2,0.00,0.00,0.00,0,0,0.00,0.00,0.00,0,0,0.00,0.00,0,0
1621557741.008823,s2-eth1,0.00,0.00,0.00,0,0,0.00,0.00,0.00,0,0,0.00,0.00,0,0
1621557741.008851,s1-eth1,0.00,0.00,0.00,0,0,0.00,0.00,0.00,0,0,0.00,0.00,0,0
1621557741.008879,eth0,0.00,0.00,0.00,0,0,0.00,0.00,0.00,0,0,0.00,0.00,0,0
1621557741.008911,s2-eth2,0.00,0.00,0.00,0,0,0.00,0.00,0.00,0,0,0.00,0.00,0,0
1621557741.008942,s1-eth2,0.00,0.00,0.00,0,0,0.00,0.00,0.00,0,0,0.00,0.00,0,0
1621557741.008964,total,0.00,0.00,0.00,0,0,0.00,0.00,0.00,0,0,0.00,0.00,0,0
1621557742.009151,lo,23008.00,23008.00,46016.00,23008,23008,159.00,159.00,318.00,159,159,0.00,0.00,0,0
1621557742.009207,s3-eth1,1204050.00,27068.00,1231118.00,27068,1204050,421.00,401.00,822.00,401,421,0.00,0.00,0,0
1621557742.009255,s3-eth2,27806.00,1203256.00,1231062.00,1203256,27806,406.00,416.00,822.00,416,406,0.00,0.00,0,0
1621557742.009329,s2-eth1,1205733.00,26651.00,1232384.00,26651,1205733,432.00,399.00,831.00,399,432,0.00,0.00,0,0
1621557742.009363,s1-eth1,1206740.00,26160.00,1232900.00,26160,1206740,438.00,396.00,834.00,396,438,0.00,0.00,0,0
1621557742.009396,eth0,2172.00,2130.00,4302.00,2130,2172,18.00,16.00,34.00,16,18,0.00,0.00,0,0
1621557742.009427,s2-eth2,27068.00,1204050.00,1231118.00,1204050,27068,401.00,421.00,822.00,421,401,0.00,0.00,0,0
1621557742.009461,s1-eth2,26651.00,1205733.00,1232384.00,1205733,26651,399.00,432.00,831.00,432,399,0.00,0.00,0,0
1621557742.009489,total,3723228.00,3718056.00,7441284.00,3718056,3723228,2674.00,2640.00,5314.00,2640,2674,0.00,0.00,0,0
1621557743.009687,lo,6705.00,6705.00,13410.00,6705,6705,47.00,47.00,94.00,47,47,0.00,0.00,0,0
1621557743.009869,s3-eth1,1221139.00,27000.00,1248139.00,27000,1221139,422.00,405.00,827.00,405,422,0.00,0.00,0,0
1621557743.009921,s3-eth2,27135.00,1219490.00,1246625.00,1219490,27135,405.00,421.00,826.00,421,405,0.00,0.00,0,0
1621557743.009997,s2-eth1,1221520.00,26532.00,1248052.00,26532,1221520,424.00,402.00,826.00,402,424,0.00,0.00,0,0
1621557743.010132,s1-eth1,1221721.00,26532.00,1248253.00,26532,1221721,425.00,402.00,827.00,402,425,0.00,0.00,0,0
1621557743.010173,eth0,797.00,1213.00,2010.00,1213,797,9.00,9.00,18.00,9,9,0.00,0.00,0,0
1621557743.010205,s2-eth2,27000.00,1221139.00,1248139.00,1221139,27000,405.00,422.00,827.00,422,405,0.00,0.00,0,0
1621557743.010238,s1-eth2,26532.00,1221520.00,1248052.00,1221520,26532,402.00,424.00,826.00,424,402,0.00,0.00,0,0
1621557743.010267,total,3752549.00,3750131.00,7502680.00,3750131,3752549,2539.00,2532.00,5071.00,2532,2539,0.00,0.00,0,0
1621557744.010641,lo,2790.00,2790.00,5580.00,2790,2790,15.00,15.00,30.00,15,15,0.00,0.00,0,0
1621557744.010699,s3-eth1,1077428.00,23922.00,1101350.00,23922,1077428,373.00,359.00,732.00,359,373,0.00,0.00,0,0
1621557744.010747,s3-eth2,24102.00,1081658.00,1105760.00,1081658,24102,360.00,373.00,733.00,373,360,0.00,0.00,0,0
1621557744.010822,s2-eth1,1077428.00,23742.00,1101170.00,23742,1077428,373.00,358.00,731.00,358,373,0.00,0.00,0,0
1621557744.010855,s1-eth1,1077608.00,23562.00,1101170.00,23562,1077608,374.00,357.00,731.00,357,374,0.00,0.00,0,0
1621557744.010889,eth0,0.00,0.00,0.00,0,0,0.00,0.00,0.00,0,0,0.00,0.00,0,0
1621557744.010916,s2-eth2,23922.00,1077428.00,1101350.00,1077428,23922,359.00,373.00,732.00,373,359,0.00,0.00,0,0
1621557744.010949,s1-eth2,23742.00,1077428.00,1101170.00,1077428,23742,358.00,373.00,731.00,373,358,0.00,0.00,0,0
1621557744.010977,total,3307020.00,3310530.00,6617550.00,3310530,3307020,2212.00,2208.00,4420.00,2208,2212,0.00,0.00,0,0
1621557745.011628,lo,8214.00,8214.00,16428.00,8214,8214,57.00,57.00,114.00,57,57,0.00,0.00,0,0
1621557745.011687,s3-eth1,1190145.00,26550.00,1216695.00,26550,1190145,413.00,398.00,811.00,398,413,0.00,0.00,0,0
1621557745.011745,s3-eth2,26887.00,1194350.00,1221237.00,1194350,26887,401.00,413.00,814.00,413,401,0.00,0.00,0,0
1621557745.011822,s2-eth1,1189406.62,26318.68,1215725.25,26345,1190596,415.58,396.60,812.19,397,416,0.00,0.00,0,0
1621557745.011858,s1-eth1,1177841.25,25982.02,1203823.25,26008,1179019,413.59,393.61,807.19,394,414,0.00,0.00,0,0
1621557745.011906,eth0,0.00,0.00,0.00,0,0,0.00,0.00,0.00,0,0,0.00,0.00,0,0
1621557745.011934,s2-eth2,26523.48,1188956.12,1215479.50,1190145,26550,397.60,412.59,810.19,413,398,0.00,0.00,0,0
1621557745.011969,s1-eth2,26318.68,1189406.62,1215725.25,1190596,26345,396.60,415.58,812.19,416,397,0.00,0.00,0,0
1621557745.011998,total,3644112.00,3658549.50,7302661.50,3662208,3647756,2493.51,2485.51,4979.02,2488,2496,0.00,0.00,0,0
1621557746.012193,lo,0.00,0.00,0.00,0,0,0.00,0.00,0.00,0,0,0.00,0.00,0,0
1621557746.012239,s3-eth1,776440.00,16764.00,793204.00,16764,776440,268.00,254.00,522.00,254,268,0.00,0.00,0,0
1621557746.012282,s3-eth2,16764.00,771964.00,788728.00,771964,16764,254.00,266.00,520.00,266,254,0.00,0.00,0,0
1621557746.012394,s2-eth1,773478.00,16764.00,790242.00,16764,773478,267.00,254.00,521.00,254,267,0.00,0.00,0,0
1621557746.012477,s1-eth1,761630.00,16764.00,778394.00,16764,761630,263.00,254.00,517.00,254,263,0.00,0.00,0,0
1621557746.012521,eth0,0.00,0.00,0.00,0,0,0.00,0.00,0.00,0,0,0.00,0.00,0,0
1621557746.012546,s2-eth2,16764.00,776440.00,793204.00,776440,16764,254.00,268.00,522.00,268,254,0.00,0.00,0,0
1621557746.012576,s1-eth2,16764.00,773478.00,790242.00,773478,16764,254.00,267.00,521.00,267,254,0.00,0.00,0,0
1621557746.012602,total,2361840.00,2372174.00,4734014.00,2372174,2361840,1560.00,1563.00,3123.00,1563,1560,0.00,0.00,0,0
1621557747.013085,lo,0.00,0.00,0.00,0,0,0.00,0.00,0.00,0,0,0.00,0.00,0,0
1621557747.013189,s3-eth1,1124640.00,24024.00,1148664.00,24024,1124640,388.00,364.00,752.00,364,388,0.00,0.00,0,0
1621557747.013242,s3-eth2,24024.00,1121678.00,1145702.00,1121678,24024,364.00,387.00,751.00,387,364,0.00,0.00,0,0
1621557747.013318,s2-eth1,1124640.00,24024.00,1148664.00,24024,1124640,388.00,364.00,752.00,364,388,0.00,0.00,0,0
1621557747.013352,s1-eth1,1105354.00,24090.00,1129444.00,24090,1105354,381.00,365.00,746.00,365,381,0.00,0.00,0,0
1621557747.013385,eth0,153.00,153.00,306.00,153,153,2.00,2.00,4.00,2,2,0.00,0.00,0,0
1621557747.013415,s2-eth2,24024.00,1124640.00,1148664.00,1124640,24024,364.00,388.00,752.00,388,364,0.00,0.00,0,0
1621557747.013448,s1-eth2,24024.00,1124640.00,1148664.00,1124640,24024,364.00,388.00,752.00,388,364,0.00,0.00,0,0
1621557747.013476,total,3426859.00,3443249.00,6870108.00,3443249,3426859,2251.00,2258.00,4509.00,2258,2251,0.00,0.00,0,0
1621557748.013699,lo,2790.00,2790.00,5580.00,2790,2790,15.00,15.00,30.00,15,15,0.00,0.00,0,0
1621557748.013749,s3-eth1,1072952.00,23790.00,1096742.00,23790,1072952,371.00,357.00,728.00,357,371,0.00,0.00,0,0
1621557748.013792,s3-eth2,23970.00,1072772.00,1096742.00,1072772,23970,358.00,370.00,728.00,370,358,0.00,0.00,0,0
1621557748.013900,s2-eth1,1075914.00,23610.00,1099524.00,23610,1075914,372.00,356.00,728.00,356,372,0.00,0.00,0,0
1621557748.013934,s1-eth1,1067208.00,23364.00,1090572.00,23364,1067208,370.00,354.00,724.00,354,370,0.00,0.00,0,0
1621557748.013964,eth0,0.00,0.00,0.00,0,0,0.00,0.00,0.00,0,0,0.00,0.00,0,0
1621557748.013989,s2-eth2,23790.00,1072952.00,1096742.00,1072952,23790,357.00,371.00,728.00,371,357,0.00,0.00,0,0
1621557748.014053,s1-eth2,23610.00,1075914.00,1099524.00,1075914,23610,356.00,372.00,728.00,372,356,0.00,0.00,0,0
1621557748.014084,total,3290234.00,3295192.00,6585426.00,3295192,3290234,2199.00,2195.00,4394.00,2195,2199,0.00,0.00,0,0
1621557749.014367,lo,558.00,558.00,1116.00,558,558,3.00,3.00,6.00,3,3,0.00,0.00,0,0
1621557749.014421,s3-eth1,1222452.00,26862.00,1249314.00,26862,1222452,422.00,407.00,829.00,407,422,0.00,0.00,0,0
1621557749.014470,s3-eth2,26796.00,1222452.00,1249248.00,1222452,26796,406.00,422.00,828.00,422,406,0.00,0.00,0,0
1621557749.014544,s2-eth1,1222632.00,26796.00,1249428.00,26796,1222632,423.00,406.00,829.00,406,423,0.00,0.00,0,0
1621557749.014578,s1-eth1,1222632.00,26862.00,1249494.00,26862,1222632,423.00,407.00,830.00,407,423,0.00,0.00,0,0
1621557749.014647,eth0,0.00,0.00,0.00,0,0,0.00,0.00,0.00,0,0,0.00,0.00,0,0
1621557749.014675,s2-eth2,26862.00,1222452.00,1249314.00,1222452,26862,407.00,422.00,829.00,422,407,0.00,0.00,0,0
1621557749.014722,s1-eth2,26796.00,1222632.00,1249428.00,1222632,26796,406.00,423.00,829.00,423,406,0.00,0.00,0,0
1621557749.014751,total,3748728.00,3748614.00,7497342.00,3748614,3748728,2490.00,2490.00,4980.00,2490,2490,0.00,0.00,0,0
1621557750.015803,lo,0.00,0.00,0.00,0,0,0.00,0.00,0.00,0,0,0.00,0.00,0,0
1621557750.015854,s3-eth1,1216825.25,26901.10,1243726.25,26928,1218042,420.58,407.59,828.17,408,421,0.00,0.00,0,0
1621557750.015903,s3-eth2,26901.10,1219784.25,1246685.38,1221004,26928,407.59,421.58,829.17,422,408,0.00,0.00,0,0
1621557750.016015,s2-eth1,1219784.25,26901.10,1246685.38,26928,1221004,421.58,407.59,829.17,408,422,0.00,0.00,0,0
1621557750.016150,s1-eth1,1216825.25,26901.10,1243726.25,26928,1218042,420.58,407.59,828.17,408,421,0.00,0.00,0,0
1621557750.016184,eth0,0.00,0.00,0.00,0,0,0.00,0.00,0.00,0,0,0.00,0.00,0,0
1621557750.016220,s2-eth2,26901.10,1219784.25,1246685.38,1221004,26928,407.59,421.58,829.17,422,408,0.00,0.00,0,0
1621557750.016255,s1-eth2,26901.10,1219784.25,1246685.38,1221004,26928,407.59,421.58,829.17,422,408,0.00,0.00,0,0
1621557750.016284,total,3734138.00,3740056.00,7474194.00,3743796,3737872,2485.51,2487.51,4973.03,2490,2488,0.00,0.00,0,0
1621557751.016496,lo,0.00,0.00,0.00,0,0,0.00,0.00,0.00,0,0,0.00,0.00,0,0
1621557751.016547,s3-eth1,1222390.00,26400.00,1248790.00,26400,1222390,443.00,400.00,843.00,400,443,0.00,0.00,0,0
1621557751.016595,s3-eth2,26466.00,1217980.00,1244446.00,1217980,26466,401.00,442.00,843.00,442,401,0.00,0.00,0,0
1621557751.016669,s2-eth1,1220876.00,26400.00,1247276.00,26400,1220876,442.00,400.00,842.00,400,442,0.00,0.00,0,0
1621557751.016702,s1-eth1,1220414.00,26400.00,1246814.00,26400,1220414,435.00,400.00,835.00,400,435,0.00,0.00,0,0
1621557751.016736,eth0,0.00,0.00,0.00,0,0,0.00,0.00,0.00,0,0,0.00,0.00,0,0
1621557751.016763,s2-eth2,26400.00,1219428.00,1245828.00,1219428,26400,400.00,442.00,842.00,442,400,0.00,0.00,0,0
1621557751.016796,s1-eth2,26400.00,1220876.00,1247276.00,1220876,26400,400.00,442.00,842.00,442,400,0.00,0.00,0,0
1621557751.016824,total,3742946.00,3737484.00,7480430.00,3737484,3742946,2521.00,2526.00,5047.00,2526,2521,0.00,0.00,0,0
1621557752.017279,lo,0.00,0.00,0.00,0,0,0.00,0.00,0.00,0,0,0.00,0.00,0,0
1621557752.017329,s3-eth1,1223182.00,25542.00,1248724.00,25542,1223182,455.00,387.00,842.00,387,455,0.00,0.00,0,0
1621557752.017378,s3-eth2,25542.00,1224630.00,1250172.00,1224630,25542,387.00,455.00,842.00,455,387,0.00,0.00,0,0
1621557752.017460,s2-eth1,1221734.00,25542.00,1247276.00,25542,1221734,455.00,387.00,842.00,387,455,0.00,0.00,0,0
1621557752.017495,s1-eth1,1225158.00,25542.00,1250700.00,25542,1225158,463.00,387.00,850.00,387,463,0.00,0.00,0,0
1621557752.017529,eth0,120.00,120.00,240.00,120,120,2.00,2.00,4.00,2,2,0.00,0.00,0,0
1621557752.017559,s2-eth2,25542.00,1223182.00,1248724.00,1223182,25542,387.00,455.00,842.00,455,387,0.00,0.00,0,0
1621557752.017593,s1-eth2,25542.00,1221734.00,1247276.00,1221734,25542,387.00,455.00,842.00,455,387,0.00,0.00,0,0
1621557752.017621,total,3746820.00,3746292.00,7493112.00,3746292,3746820,2536.00,2528.00,5064.00,2528,2536,0.00,0.00,0,0
1621557753.018053,lo,2028.00,2028.00,4056.00,2028,2028,18.00,18.00,36.00,18,18,0.00,0.00,0,0
1621557753.018110,s3-eth1,1219560.00,26602.00,1246162.00,26602,1219560,422.00,403.00,825.00,403,422,0.00,0.00,0,0
1621557753.018158,s3-eth2,26602.00,1219560.00,1246162.00,1219560,26602,403.00,422.00,825.00,422,403,0.00,0.00,0,0
1621557753.018233,s2-eth1,1219630.00,26668.00,1246298.00,26668,1219630,423.00,404.00,827.00,404,423,0.00,0.00,0,0
1621557753.018267,s1-eth1,1219700.00,26532.00,1246232.00,26532,1219700,424.00,402.00,826.00,402,424,0.00,0.00,0,0
1621557753.018300,eth0,153.00,153.00,306.00,153,153,2.00,2.00,4.00,2,2,0.00,0.00,0,0
1621557753.018330,s2-eth2,26602.00,1219560.00,1246162.00,1219560,26602,403.00,422.00,825.00,422,403,0.00,0.00,0,0
1621557753.018364,s1-eth2,26668.00,1219630.00,1246298.00,1219630,26668,404.00,423.00,827.00,423,404,0.00,0.00,0,0
1621557753.018392,total,3740943.00,3740733.00,7481676.00,3740733,3740943,2499.00,2496.00,4995.00,2496,2499,0.00,0.00,0,0
1621557754.019548,lo,2025.97,2025.97,4051.95,2028,2028,17.98,17.98,35.96,18,18,0.00,0.00,0,0
1621557754.019640,s3-eth1,1219788.25,26711.29,1246499.50,26738,1221008,421.58,404.60,826.17,405,422,0.00,0.00,0,0
1621557754.019703,s3-eth2,26781.22,1219718.38,1246499.50,1220938,26808,405.59,420.58,826.17,421,406,0.00,0.00,0,0
1621557754.019779,s2-eth1,1219788.25,26641.36,1246429.62,26668,1221008,421.58,403.60,825.17,404,422,0.00,0.00,0,0
1621557754.019814,s1-eth1,1219788.25,26641.36,1246429.62,26668,1221008,421.58,403.60,825.17,404,422,0.00,0.00,0,0
1621557754.019848,eth0,0.00,0.00,0.00,0,0,0.00,0.00,0.00,0,0,0.00,0.00,0,0
1621557754.019928,s2-eth2,26711.29,1219788.25,1246499.50,1221008,26738,404.60,421.58,826.17,422,405,0.00,0.00,0,0
1621557754.019968,s1-eth2,26641.36,1219788.25,1246429.62,1221008,26668,403.60,421.58,825.17,422,404,0.00,0.00,0,0
1621557754.019997,total,3741524.50,3741314.75,7482839.50,3745056,3745266,2496.50,2493.51,4990.01,2496,2499,0.00,0.00,0,0
1621557755.020423,lo,0.00,0.00,0.00,0,0,0.00,0.00,0.00,0,0,0.00,0.00,0,0
1621557755.020482,s3-eth1,1223900.00,26664.00,1250564.00,26664,1223900,422.00,404.00,826.00,404,422,0.00,0.00,0,0
1621557755.020526,s3-eth2,26664.00,1223900.00,1250564.00,1223900,26664,404.00,422.00,826.00,422,404,0.00,0.00,0,0
1621557755.020593,s2-eth1,1223900.00,26664.00,1250564.00,26664,1223900,422.00,404.00,826.00,404,422,0.00,0.00,0,0
1621557755.020623,s1-eth1,1223900.00,26664.00,1250564.00,26664,1223900,422.00,404.00,826.00,404,422,0.00,0.00,0,0
1621557755.020653,eth0,0.00,0.00,0.00,0,0,0.00,0.00,0.00,0,0,0.00,0.00,0,0
1621557755.020678,s2-eth2,26664.00,1223900.00,1250564.00,1223900,26664,404.00,422.00,826.00,422,404,0.00,0.00,0,0
1621557755.020708,s1-eth2,26664.00,1223900.00,1250564.00,1223900,26664,404.00,422.00,826.00,422,404,0.00,0.00,0,0
1621557755.020733,total,3751692.00,3751692.00,7503384.00,3751692,3751692,2478.00,2478.00,4956.00,2478,2478,0.00,0.00,0,0
1621557756.020895,lo,2790.00,2790.00,5580.00,2790,2790,15.00,15.00,30.00,15,15,0.00,0.00,0,0
1621557756.020933,s3-eth1,1216708.00,26892.00,1243600.00,26892,1216708,421.00,404.00,825.00,404,421,0.00,0.00,0,0
1621557756.020950,s3-eth2,27006.00,1216528.00,1243534.00,1216528,27006,404.00,420.00,824.00,420,404,0.00,0.00,0,0
1621557756.020972,s2-eth1,1218156.00,26646.00,1244802.00,26646,1218156,421.00,402.00,823.00,402,421,0.00,0.00,0,0
1621557756.020982,s1-eth1,1216888.00,26532.00,1243420.00,26532,1216888,422.00,402.00,824.00,402,422,0.00,0.00,0,0
1621557756.020996,eth0,0.00,0.00,0.00,0,0,0.00,0.00,0.00,0,0,0.00,0.00,0,0
1621557756.021004,s2-eth2,26892.00,1216708.00,1243600.00,1216708,26892,404.00,421.00,825.00,421,404,0.00,0.00,0,0
1621557756.021014,s1-eth2,26646.00,1218156.00,1244802.00,1218156,26646,402.00,421.00,823.00,421,402,0.00,0.00,0,0
1621557756.021065,total,3735086.00,3734252.00,7469338.00,3734252,3735086,2489.00,2485.00,4974.00,2485,2489,0.00,0.00,0,0
1621557757.021712,lo,558.00,558.00,1116.00,558,558,3.00,3.00,6.00,3,3,0.00,0.00,0,0
1621557757.021805,s3-eth1,1218306.00,26532.00,1244838.00,26532,1218306,425.00,402.00,827.00,402,425,0.00,0.00,0,0
1621557757.021858,s3-eth2,26532.00,1218372.00,1244904.00,1218372,26532,402.00,426.00,828.00,426,402,0.00,0.00,0,0
1621557757.022028,s2-eth1,1218781.25,26571.43,1245352.62,26598,1220000,426.57,402.60,829.17,403,427,0.00,0.00,0,0
1621557757.022191,s1-eth1,1219898.12,26505.50,1246403.62,26532,1221118,421.58,401.60,823.18,402,422,0.00,0.00,0,0
1621557757.022223,eth0,0.00,0.00,0.00,0,0,0.00,0.00,0.00,0,0,0.00,0.00,0,0
1621557757.022247,s2-eth2,26505.50,1218601.38,1245106.88,1219820,26532,401.60,425.57,827.17,426,402,0.00,0.00,0,0
1621557757.022278,s1-eth2,26571.43,1218781.25,1245352.62,1220000,26598,402.60,426.57,829.17,427,403,0.00,0.00,0,0
1621557757.022310,total,3735908.25,3734677.50,7470585.50,3738412,3739644,2481.52,2486.51,4968.03,2489,2484,0.00,0.00,0,0
1621557758.022494,lo,0.00,0.00,0.00,0,0,0.00,0.00,0.00,0,0,0.00,0.00,0,0
1621557758.022539,s3-eth1,1224172.00,25410.00,1249582.00,25410,1224172,470.00,385.00,855.00,385,470,0.00,0.00,0,0
1621557758.022582,s3-eth2,25410.00,1224106.00,1249516.00,1224106,25410,385.00,469.00,854.00,469,385,0.00,0.00,0,0
1621557758.022660,s2-eth1,1221210.00,25410.00,1246620.00,25410,1221210,469.00,385.00,854.00,385,469,0.00,0.00,0,0
1621557758.022691,s1-eth1,1221540.00,25410.00,1246950.00,25410,1221540,474.00,385.00,859.00,385,474,0.00,0.00,0,0
1621557758.022721,eth0,0.00,0.00,0.00,0,0,0.00,0.00,0.00,0,0,0.00,0.00,0,0
1621557758.022745,s2-eth2,25410.00,1222658.00,1248068.00,1222658,25410,385.00,469.00,854.00,469,385,0.00,0.00,0,0
1621557758.022776,s1-eth2,25410.00,1221210.00,1246620.00,1221210,25410,385.00,469.00,854.00,469,385,0.00,0.00,0,0
1621557758.022801,total,3743152.00,3744204.00,7487356.00,3744204,3743152,2568.00,2562.00,5130.00,2562,2568,0.00,0.00,0,0
1621557759.035445,lo,0.00,0.00,0.00,0,0,0.00,0.00,0.00,0,0,0.00,0.00,0,0
1621557759.035500,s3-eth1,1060051.38,22891.30,1082942.75,23166,1072772,365.61,346.84,712.45,351,370,0.00,0.00,0,0
1621557759.035545,s3-eth2,22891.30,1060051.38,1082942.75,1072772,23166,346.84,365.61,712.45,370,351,0.00,0.00,0,0
1621557759.035613,s2-eth1,1060051.38,22891.30,1082942.75,23166,1072772,365.61,346.84,712.45,351,370,0.00,0.00,0,0
1621557759.035644,s1-eth1,1057124.50,22956.52,1080081.00,23232,1069810,364.62,347.83,712.45,352,369,0.00,0.00,0,0
1621557759.035686,eth0,151.19,151.19,302.37,153,153,1.98,1.98,3.95,2,2,0.00,0.00,0,0
1621557759.035714,s2-eth2,22891.30,1060051.38,1082942.75,1072772,23166,346.84,365.61,712.45,370,351,0.00,0.00,0,0
1621557759.035745,s1-eth2,22891.30,1060051.38,1082942.75,1072772,23166,346.84,365.61,712.45,370,351,0.00,0.00,0,0
1621557759.035857,total,3242848.00,3245837.00,6488685.00,3288033,3285005,2136.23,2138.20,4274.43,2166,2164,0.00,0.00,0,0
1621557760.059546,lo,0.00,0.00,0.00,0,0,0.00,0.00,0.00,0,0,0.00,0.00,0,0
1621557760.059600,s3-eth1,928968.75,20238.28,949207.00,20724,951264,320.31,306.64,626.95,314,328,0.00,0.00,0,0
1621557760.059645,s3-eth2,20238.28,928968.75,949207.00,951264,20724,306.64,320.31,626.95,328,314,0.00,0.00,0,0
1621557760.059712,s2-eth1,928968.75,20238.28,949207.00,20724,951264,320.31,306.64,626.95,314,328,0.00,0.00,0,0
1621557760.059743,s1-eth1,930447.25,20238.28,950685.56,20724,952778,321.29,306.64,627.93,314,329,0.00,0.00,0,0
1621557760.059774,eth0,0.00,0.00,0.00,0,0,0.00,0.00,0.00,0,0,0.00,0.00,0,0
1621557760.059798,s2-eth2,20238.28,928968.75,949207.00,951264,20724,306.64,320.31,626.95,328,314,0.00,0.00,0,0
1621557760.059830,s1-eth2,20238.28,928968.75,949207.00,951264,20724,306.64,320.31,626.95,328,314,0.00,0.00,0,0
1621557760.059855,total,2851884.75,2850404.75,5702289.50,2915964,2917478,1883.68,1882.70,3766.37,1926,1927,0.00,0.00,0,0
1621557761.062036,lo,343.31,343.31,686.63,344,344,5.99,5.99,11.98,6,6,0.00,0.00,0,0
1621557761.062074,s3-eth1,910936.12,19826.35,930762.50,19866,912758,314.37,300.40,614.77,301,315,0.00,0.00,0,0
1621557761.062090,s3-eth2,19826.35,910936.12,930762.50,912758,19866,300.40,314.37,614.77,315,301,0.00,0.00,0,0
1621557761.062122,s2-eth1,910936.12,19826.35,930762.50,19866,912758,314.37,300.40,614.77,301,315,0.00,0.00,0,0
1621557761.062132,s1-eth1,909425.19,19826.35,929251.50,19866,911244,313.37,300.40,613.77,301,314,0.00,0.00,0,0
1621557761.062142,eth0,0.00,0.00,0.00,0,0,0.00,0.00,0.00,0,0,0.00,0.00,0,0
1621557761.062150,s2-eth2,19826.35,910936.12,930762.50,912758,19866,300.40,314.37,614.77,315,301,0.00,0.00,0,0
1621557761.062160,s1-eth2,19826.35,910936.12,930762.50,912758,19866,300.40,314.37,614.77,315,301,0.00,0.00,0,0
1621557761.062168,total,2791119.75,2792630.75,5583750.50,2798216,2796702,1849.30,1850.30,3699.60,1854,1853,0.00,0.00,0,0
1621557762.062669,lo,172.00,172.00,344.00,172,172,3.00,3.00,6.00,3,3,0.00,0.00,0,0
1621557762.062716,s3-eth1,1148336.00,24816.00,1173152.00,24816,1148336,396.00,376.00,772.00,376,396,0.00,0.00,0,0
1621557762.062734,s3-eth2,24882.00,1151298.00,1176180.00,1151298,24882,377.00,397.00,774.00,397,377,0.00,0.00,0,0
1621557762.062758,s2-eth1,1148336.00,24816.00,1173152.00,24816,1148336,396.00,376.00,772.00,376,396,0.00,0.00,0,0
1621557762.062768,s1-eth1,1136488.00,24750.00,1161238.00,24750,1136488,392.00,375.00,767.00,375,392,0.00,0.00,0,0
1621557762.062788,eth0,120.00,120.00,240.00,120,120,2.00,2.00,4.00,2,2,0.00,0.00,0,0
1621557762.062797,s2-eth2,24816.00,1148336.00,1173152.00,1148336,24816,376.00,396.00,772.00,396,376,0.00,0.00,0,0
1621557762.062808,s1-eth2,24816.00,1148336.00,1173152.00,1148336,24816,376.00,396.00,772.00,396,376,0.00,0.00,0,0
1621557762.062817,total,3507966.00,3522644.00,7030610.00,3522644,3507966,2318.00,2321.00,4639.00,2321,2318,0.00,0.00,0,0
1621557763.066309,lo,0.00,0.00,0.00,0,0,0.00,0.00,0.00,0,0,0.00,0.00,0,0
1621557763.066354,s3-eth1,1175942.12,25136.59,1201078.75,25212,1179470,405.78,380.86,786.64,382,407,0.00,0.00,0,0
1621557763.066380,s3-eth2,25070.79,1190707.88,1215778.62,1194280,25146,379.86,410.77,790.63,412,381,0.00,0.00,0,0
1621557763.066406,s2-eth1,1175942.12,25070.79,1201013.00,25146,1179470,405.78,379.86,785.64,381,407,0.00,0.00,0,0
1621557763.066417,s1-eth1,1155270.25,25136.59,1180406.75,25212,1158736,398.80,380.86,779.66,382,400,0.00,0.00,0,0
1621557763.066428,eth0,0.00,0.00,0.00,0,0,0.00,0.00,0.00,0,0,0.00,0.00,0,0
1621557763.066437,s2-eth2,25136.59,1175942.12,1201078.75,1179470,25212,380.86,405.78,786.64,407,382,0.00,0.00,0,0
1621557763.066448,s1-eth2,25070.79,1175942.12,1201013.00,1179470,25146,379.86,405.78,785.64,407,381,0.00,0.00,0,0
1621557763.066458,total,3582432.75,3617936.25,7200369.00,3628790,3593180,2350.95,2363.91,4714.86,2371,2358,0.00,0.00,0,0
1621557764.067455,lo,0.00,0.00,0.00,0,0,0.00,0.00,0.00,0,0,0.00,0.00,0,0
1621557764.067516,s3-eth1,1039150.88,22219.78,1061370.62,22242,1040190,358.64,336.66,695.30,337,359,0.00,0.00,0,0
1621557764.067560,s3-eth2,22219.78,1036191.81,1058411.62,1037228,22242,336.66,357.64,694.31,358,337,0.00,0.00,0,0
1621557764.067628,s2-eth1,1033232.81,22285.71,1055518.50,22308,1034266,356.64,337.66,694.31,338,357,0.00,0.00,0,0
1621557764.067659,s1-eth1,1022843.19,22285.71,1045128.88,22308,1023866,352.65,337.66,690.31,338,353,0.00,0.00,0,0
1621557764.067690,eth0,152.85,152.85,305.69,153,153,2.00,2.00,4.00,2,2,0.00,0.00,0,0
1621557764.067717,s2-eth2,22219.78,1039150.88,1061370.62,1040190,22242,336.66,358.64,695.30,359,337,0.00,0.00,0,0
1621557764.067748,s1-eth2,22285.71,1033232.81,1055518.50,1034266,22308,337.66,356.64,694.31,357,338,0.00,0.00,0,0
1621557764.067773,total,3162105.00,3175519.50,6337624.50,3178695,3165267,2080.92,2086.91,4167.83,2089,2083,0.00,0.00,0,0
1621557765.084893,lo,0.00,0.00,0.00,0,0,0.00,0.00,0.00,0,0,0.00,0.00,0,0
1621557765.084963,s3-eth1,947012.81,20377.58,967390.38,20724,963112,326.45,308.75,635.20,314,332,0.00,0.00,0,0
1621557765.085008,s3-eth2,20442.48,938275.31,958717.81,954226,20790,309.73,323.50,633.24,329,315,0.00,0.00,0,0
1621557765.085076,s2-eth1,952837.75,20377.58,973215.38,20724,969036,328.42,308.75,637.17,314,334,0.00,0.00,0,0
1621557765.085107,s1-eth1,935362.81,20377.58,955740.44,20724,951264,322.52,308.75,631.27,314,328,0.00,0.00,0,0
1621557765.085137,eth0,0.00,0.00,0.00,0,0,0.00,0.00,0.00,0,0,0.00,0.00,0,0
1621557765.085162,s2-eth2,20377.58,947012.81,967390.38,963112,20724,308.75,326.45,635.20,332,314,0.00,0.00,0,0
1621557765.085193,s1-eth2,20377.58,952837.75,973215.38,969036,20724,308.75,328.42,637.17,334,314,0.00,0.00,0,0
1621557765.085218,total,2896411.00,2899258.50,5795669.50,2948546,2945650,1904.62,1904.62,3809.24,1937,1937,0.00,0.00,0,0
1621557766.086519,lo,343.66,343.66,687.31,344,344,5.99,5.99,11.99,6,6,0.00,0.00,0,0
1621557766.086576,s3-eth1,1132393.62,24725.28,1157118.88,24750,1133526,390.61,374.63,765.23,375,391,0.00,0.00,0,0
1621557766.086662,s3-eth2,24659.34,1129434.62,1154093.88,1130564,24684,373.63,389.61,763.24,390,374,0.00,0.00,0,0
1621557766.086748,s2-eth1,1132393.62,24725.28,1157118.88,24750,1133526,390.61,374.63,765.23,375,391,0.00,0.00,0,0
1621557766.086780,s1-eth1,1132393.62,24659.34,1157053.00,24684,1133526,390.61,373.63,764.24,374,391,0.00,0.00,0,0
1621557766.086811,eth0,0.00,0.00,0.00,0,0,0.00,0.00,0.00,0,0,0.00,0.00,0,0
1621557766.086835,s2-eth2,24725.28,1132393.62,1157118.88,1133526,24750,374.63,390.61,765.23,391,375,0.00,0.00,0,0
1621557766.086877,s1-eth2,24725.28,1132393.62,1157118.88,1133526,24750,374.63,390.61,765.23,391,375,0.00,0.00,0,0
1621557766.086914,total,3471634.50,3468675.50,6940310.00,3472144,3475106,2300.70,2299.70,4600.40,2302,2303,0.00,0.00,0,0
1621557767.087208,lo,1186.00,1186.00,2372.00,1186,1186,12.00,12.00,24.00,12,12,0.00,0.00,0,0
1621557767.087258,s3-eth1,1221008.00,26598.00,1247606.00,26598,1221008,422.00,403.00,825.00,403,422,0.00,0.00,0,0
1621557767.087301,s3-eth2,26598.00,1221008.00,1247606.00,1221008,26598,403.00,422.00,825.00,422,403,0.00,0.00,0,0
1621557767.087368,s2-eth1,1221008.00,26532.00,1247540.00,26532,1221008,422.00,402.00,824.00,402,422,0.00,0.00,0,0
1621557767.087399,s1-eth1,1219490.00,26598.00,1246088.00,26598,1219490,421.00,403.00,824.00,403,421,0.00,0.00,0,0
1621557767.087429,eth0,0.00,0.00,0.00,0,0,0.00,0.00,0.00,0,0,0.00,0.00,0,0
1621557767.087453,s2-eth2,26598.00,1221008.00,1247606.00,1221008,26598,403.00,422.00,825.00,422,403,0.00,0.00,0,0
1621557767.087484,s1-eth2,26532.00,1221008.00,1247540.00,1221008,26532,402.00,422.00,824.00,422,402,0.00,0.00,0,0
1621557767.087509,total,3742420.00,3743938.00,7486358.00,3743938,3742420,2485.00,2486.00,4971.00,2486,2485,0.00,0.00,0,0
1621557768.088005,lo,0.00,0.00,0.00,0,0,0.00,0.00,0.00,0,0,0.00,0.00,0,0
1621557768.088063,s3-eth1,1225414.00,26598.00,1252012.00,26598,1225414,423.00,403.00,826.00,403,423,0.00,0.00,0,0
1621557768.088113,s3-eth2,26664.00,1225414.00,1252078.00,1225414,26664,404.00,423.00,827.00,423,404,0.00,0.00,0,0
1621557768.088223,s2-eth1,1225414.00,26664.00,1252078.00,26664,1225414,423.00,404.00,827.00,404,423,0.00,0.00,0,0
1621557768.088265,s1-eth1,1223970.00,26598.00,1250568.00,26598,1223970,423.00,403.00,826.00,403,423,0.00,0.00,0,0
1621557768.088300,eth0,0.00,0.00,0.00,0,0,0.00,0.00,0.00,0,0,0.00,0.00,0,0
1621557768.088327,s2-eth2,26598.00,1225414.00,1252012.00,1225414,26598,403.00,423.00,826.00,423,403,0.00,0.00,0,0
1621557768.088361,s1-eth2,26664.00,1225414.00,1252078.00,1225414,26664,404.00,423.00,827.00,423,404,0.00,0.00,0,0
1621557768.088389,total,3754724.00,3756102.00,7510826.00,3756102,3754724,2480.00,2479.00,4959.00,2479,2480,0.00,0.00,0,0
1621557769.088564,lo,1014.00,1014.00,2028.00,1014,1014,9.00,9.00,18.00,9,9,0.00,0.00,0,0
1621557769.088612,s3-eth1,1130564.00,24622.00,1155186.00,24622,1130564,390.00,373.00,763.00,373,390,0.00,0.00,0,0
1621557769.088655,s3-eth2,24556.00,1130564.00,1155120.00,1130564,24556,372.00,390.00,762.00,390,372,0.00,0.00,0,0
1621557769.088722,s2-eth1,1130634.00,24622.00,1155256.00,24622,1130634,391.00,373.00,764.00,373,391,0.00,0.00,0,0
1621557769.088752,s1-eth1,1130704.00,24618.00,1155322.00,24618,1130704,392.00,373.00,765.00,373,392,0.00,0.00,0,0
1621557769.088783,eth0,0.00,0.00,0.00,0,0,0.00,0.00,0.00,0,0,0.00,0.00,0,0
1621557769.088807,s2-eth2,24622.00,1130564.00,1155186.00,1130564,24622,373.00,390.00,763.00,390,373,0.00,0.00,0,0
1621557769.088837,s1-eth2,24622.00,1130634.00,1155256.00,1130634,24622,373.00,391.00,764.00,391,373,0.00,0.00,0,0
1621557769.088863,total,3466716.00,3466638.00,6933354.00,3466638,3466716,2300.00,2299.00,4599.00,2299,2300,0.00,0.00,0,0
1621557770.089465,lo,676.00,676.00,1352.00,676,676,6.00,6.00,12.00,6,6,0.00,0.00,0,0
1621557770.089523,s3-eth1,1055070.00,23100.00,1078170.00,23100,1055070,365.00,350.00,715.00,350,365,0.00,0.00,0,0
1621557770.089567,s3-eth2,23100.00,1052038.00,1075138.00,1052038,23100,350.00,363.00,713.00,363,350,0.00,0.00,0,0
1621557770.089640,s2-eth1,1053556.00,23100.00,1076656.00,23100,1053556,364.00,350.00,714.00,350,364,0.00,0.00,0,0
1621557770.089671,s1-eth1,1052108.00,23100.00,1075208.00,23100,1052108,364.00,350.00,714.00,350,364,0.00,0.00,0,0
1621557770.089701,eth0,153.00,153.00,306.00,153,153,2.00,2.00,4.00,2,2,0.00,0.00,0,0
1621557770.089728,s2-eth2,23100.00,1055070.00,1078170.00,1055070,23100,350.00,365.00,715.00,365,350,0.00,0.00,0,0
1621557770.089758,s1-eth2,23100.00,1053556.00,1076656.00,1053556,23100,350.00,364.00,714.00,364,350,0.00,0.00,0,0
1621557770.089783,total,3230863.00,3230793.00,6461656.00,3230793,3230863,2151.00,2150.00,4301.00,2150,2151,0.00,0.00,0,0
1621557771.090073,lo,0.00,0.00,0.00,0,0,0.00,0.00,0.00,0,0,0.00,0.00,0,0
1621557771.090129,s3-eth1,1219106.00,25146.00,1244252.00,25146,1219106,481.00,381.00,862.00,381,481,0.00,0.00,0,0
1621557771.090173,s3-eth2,25146.00,1219106.00,1244252.00,1219106,25146,381.00,481.00,862.00,481,381,0.00,0.00,0,0
1621557771.090240,s2-eth1,1220620.00,25146.00,1245766.00,25146,1220620,482.00,381.00,863.00,381,482,0.00,0.00,0,0
1621557771.090271,s1-eth1,1219106.00,25080.00,1244186.00,25080,1219106,481.00,380.00,861.00,380,481,0.00,0.00,0,0
1621557771.090305,eth0,0.00,0.00,0.00,0,0,0.00,0.00,0.00,0,0,0.00,0.00,0,0
1621557771.090394,s2-eth2,25146.00,1219106.00,1244252.00,1219106,25146,381.00,481.00,862.00,481,381,0.00,0.00,0,0
1621557771.090434,s1-eth2,25146.00,1220620.00,1245766.00,1220620,25146,381.00,482.00,863.00,482,381,0.00,0.00,0,0
1621557771.090493,total,3734270.00,3734204.00,7468474.00,3734204,3734270,2587.00,2586.00,5173.00,2586,2587,0.00,0.00,0,0
1621557772.090780,lo,4142.00,4142.00,8284.00,4142,4142,27.00,27.00,54.00,27,27,0.00,0.00,0,0
1621557772.090845,s3-eth1,1221118.00,27098.00,1248216.00,27098,1221118,422.00,407.00,829.00,407,422,0.00,0.00,0,0
1621557772.090895,s3-eth2,27414.00,1220938.00,1248352.00,1220938,27414,410.00,421.00,831.00,421,410,0.00,0.00,0,0
1621557772.091006,s2-eth1,1221118.00,26848.00,1247966.00,26848,1221118,422.00,405.00,827.00,405,422,0.00,0.00,0,0
1621557772.091067,s1-eth1,1221298.00,26734.00,1248032.00,26734,1221298,423.00,405.00,828.00,405,423,0.00,0.00,0,0
1621557772.091102,eth0,120.00,120.00,240.00,120,120,2.00,2.00,4.00,2,2,0.00,0.00,0,0
1621557772.091132,s2-eth2,27098.00,1221118.00,1248216.00,1221118,27098,407.00,422.00,829.00,422,407,0.00,0.00,0,0
1621557772.091166,s1-eth2,26848.00,1221118.00,1247966.00,1221118,26848,405.00,422.00,827.00,422,405,0.00,0.00,0,0
1621557772.091194,total,3749156.00,3748116.00,7497272.00,3748116,3749156,2518.00,2511.00,5029.00,2511,2518,0.00,0.00,0,0
1621557773.091514,lo,558.00,558.00,1116.00,558,558,3.00,3.00,6.00,3,3,0.00,0.00,0,0
1621557773.091544,s3-eth1,1223900.00,26730.00,1250630.00,26730,1223900,422.00,405.00,827.00,405,422,0.00,0.00,0,0
1621557773.091561,s3-eth2,26664.00,1223900.00,1250564.00,1223900,26664,404.00,422.00,826.00,422,404,0.00,0.00,0,0
1621557773.091586,s2-eth1,1224080.00,26664.00,1250744.00,26664,1224080,423.00,404.00,827.00,404,423,0.00,0.00,0,0
1621557773.091596,s1-eth1,1225594.00,26598.00,1252192.00,26598,1225594,424.00,403.00,827.00,403,424,0.00,0.00,0,0
1621557773.091607,eth0,0.00,0.00,0.00,0,0,0.00,0.00,0.00,0,0,0.00,0.00,0,0
1621557773.091668,s2-eth2,26730.00,1223900.00,1250630.00,1223900,26730,405.00,422.00,827.00,422,405,0.00,0.00,0,0
1621557773.091734,s1-eth2,26664.00,1224080.00,1250744.00,1224080,26664,404.00,423.00,827.00,423,404,0.00,0.00,0,0
1621557773.091763,total,3754190.00,3752430.00,7506620.00,3752430,3754190,2485.00,2482.00,4967.00,2482,2485,0.00,0.00,0,0
1621557774.092498,lo,0.00,0.00,0.00,0,0,0.00,0.00,0.00,0,0,0.00,0.00,0,0
1621557774.092569,s3-eth1,1221230.75,26505.50,1247736.25,26532,1222452,421.58,401.60,823.18,402,422,0.00,0.00,0,0
1621557774.092621,s3-eth2,26571.43,1221230.75,1247802.25,1222452,26598,402.60,421.58,824.18,422,403,0.00,0.00,0,0
1621557774.092760,s2-eth1,1221230.75,26571.43,1247802.25,26598,1222452,421.58,402.60,824.18,403,422,0.00,0.00,0,0
1621557774.092801,s1-eth1,1219718.38,26571.43,1246289.75,26598,1220938,420.58,402.60,823.18,403,421,0.00,0.00,0,0
1621557774.092837,eth0,0.00,0.00,0.00,0,0,0.00,0.00,0.00,0,0,0.00,0.00,0,0
1621557774.092866,s2-eth2,26505.50,1221230.75,1247736.25,1222452,26532,401.60,421.58,823.18,422,402,0.00,0.00,0,0
1621557774.092901,s1-eth2,26571.43,1221230.75,1247802.25,1222452,26598,402.60,421.58,824.18,422,403,0.00,0.00,0,0
1621557774.092932,total,3741828.25,3743340.75,7485169.00,3747084,3745570,2470.53,2471.53,4942.06,2474,2473,0.00,0.00,0,0
1621557775.094904,lo,1395.21,1395.21,2790.42,1398,1398,14.97,14.97,29.94,15,15,0.00,0.00,0,0
1621557775.094968,s3-eth1,998173.69,21844.31,1020018.00,21888,1000170,344.31,331.34,675.65,332,345,0.00,0.00,0,0
1621557775.095018,s3-eth2,21844.31,998173.69,1020018.00,1000170,21888,331.34,344.31,675.65,345,332,0.00,0.00,0,0
1621557775.095112,s2-eth1,998173.69,21844.31,1020018.00,21888,1000170,344.31,331.34,675.65,332,345,0.00,0.00,0,0
1621557775.095146,s1-eth1,998173.69,21844.31,1020018.00,21888,1000170,344.31,331.34,675.65,332,345,0.00,0.00,0,0
1621557775.095180,eth0,0.00,0.00,0.00,0,0,0.00,0.00,0.00,0,0,0.00,0.00,0,0
1621557775.095208,s2-eth2,21844.31,998173.69,1020018.00,1000170,21888,331.34,344.31,675.65,345,332,0.00,0.00,0,0
1621557775.095241,s1-eth2,21844.31,998173.69,1020018.00,1000170,21888,331.34,344.31,675.65,345,332,0.00,0.00,0,0
1621557775.095270,total,3061449.25,3061449.25,6122898.50,3067572,3067572,2041.92,2041.92,4083.83,2046,2046,0.00,0.00,0,0
1621557776.095609,lo,0.00,0.00,0.00,0,0,0.00,0.00,0.00,0,0,0.00,0.00,0,0
1621557776.095683,s3-eth1,860932.00,18678.00,879610.00,18678,860932,298.00,283.00,581.00,283,298,0.00,0.00,0,0
1621557776.095732,s3-eth2,18678.00,860932.00,879610.00,860932,18678,283.00,298.00,581.00,298,283,0.00,0.00,0,0
1621557776.095865,s2-eth1,860932.00,18678.00,879610.00,18678,860932,298.00,283.00,581.00,283,298,0.00,0.00,0,0
1621557776.095903,s1-eth1,857970.00,18678.00,876648.00,18678,857970,297.00,283.00,580.00,283,297,0.00,0.00,0,0
1621557776.095937,eth0,153.00,153.00,306.00,153,153,2.00,2.00,4.00,2,2,0.00,0.00,0,0
1621557776.095967,s2-eth2,18678.00,860932.00,879610.00,860932,18678,283.00,298.00,581.00,298,283,0.00,0.00,0,0
1621557776.096000,s1-eth2,18678.00,860932.00,879610.00,860932,18678,283.00,298.00,581.00,298,283,0.00,0.00,0,0
1621557776.096028,total,2636021.00,2638983.00,5275004.00,2638983,2636021,1744.00,1745.00,3489.00,1745,1744,0.00,0.00,0,0
1621557777.097397,lo,0.00,0.00,0.00,0,0,0.00,0.00,0.00,0,0,0.00,0.00,0,0
1621557777.097586,s3-eth1,1068741.25,23406.59,1092147.88,23430,1069810,368.63,354.65,723.28,355,369,0.00,0.00,0,0
1621557777.097631,s3-eth2,23340.66,1068741.25,1092082.00,1069810,23364,353.65,368.63,722.28,369,354,0.00,0.00,0,0
1621557777.097768,s2-eth1,1068741.25,23406.59,1092147.88,23430,1069810,368.63,354.65,723.28,355,369,0.00,0.00,0,0
1621557777.097803,s1-eth1,1068741.25,23406.59,1092147.88,23430,1069810,368.63,354.65,723.28,355,369,0.00,0.00,0,0
1621557777.097833,eth0,0.00,0.00,0.00,0,0,0.00,0.00,0.00,0,0,0.00,0.00,0,0
1621557777.097858,s2-eth2,23406.59,1068741.25,1092147.88,1069810,23430,354.65,368.63,723.28,369,355,0.00,0.00,0,0
1621557777.097894,s1-eth2,23406.59,1068741.25,1092147.88,1069810,23430,354.65,368.63,723.28,369,355,0.00,0.00,0,0
1621557777.098844,total,3273107.75,3273173.75,6546281.50,3279720,3279654,2166.67,2167.66,4334.33,2172,2171,0.00,0.00,0,0
1621557778.099626,lo,0.00,0.00,0.00,0,0,0.00,0.00,0.00,0,0,0.00,0.00,0,0
1621557778.099675,s3-eth1,1122395.25,24502.99,1146898.25,24552,1124640,387.23,371.26,758.48,372,388,0.00,0.00,0,0
1621557778.099724,s3-eth2,24502.99,1122395.25,1146898.25,1124640,24552,371.26,387.23,758.48,388,372,0.00,0.00,0,0
1621557778.099799,s2-eth1,1122395.25,24437.13,1146832.38,24486,1124640,387.23,370.26,757.49,371,388,0.00,0.00,0,0
1621557778.099834,s1-eth1,1122395.25,24437.13,1146832.38,24486,1124640,387.23,370.26,757.49,371,388,0.00,0.00,0,0
1621557778.099868,eth0,0.00,0.00,0.00,0,0,0.00,0.00,0.00,0,0,0.00,0.00,0,0
1621557778.099895,s2-eth2,24502.99,1122395.25,1146898.25,1124640,24552,371.26,387.23,758.48,388,372,0.00,0.00,0,0
1621557778.099930,s1-eth2,24437.13,1122395.25,1146832.38,1124640,24486,370.26,387.23,757.49,388,371,0.00,0.00,0,0
1621557778.099958,total,3444066.00,3444000.00,6888066.00,3447444,3447510,2276.72,2275.72,4552.45,2278,2279,0.00,0.00,0,0
1621557779.100743,lo,0.00,0.00,0.00,0,0,0.00,0.00,0.00,0,0,0.00,0.00,0,0
1621557779.100800,s3-eth1,1144229.75,24923.08,1169152.88,24948,1145374,394.61,377.62,772.23,378,395,0.00,0.00,0,0
1621557779.100850,s3-eth2,24989.01,1147188.88,1172177.88,1148336,25014,378.62,395.60,774.23,396,379,0.00,0.00,0,0
1621557779.100981,s2-eth1,1144229.75,24989.01,1169218.88,25014,1145374,394.61,378.62,773.23,379,395,0.00,0.00,0,0
1621557779.101020,s1-eth1,1147188.88,24989.01,1172177.88,25014,1148336,395.60,378.62,774.23,379,396,0.00,0.00,0,0
1621557779.101055,eth0,0.00,0.00,0.00,0,0,0.00,0.00,0.00,0,0,0.00,0.00,0,0
1621557779.101096,s2-eth2,24923.08,1144229.75,1169152.88,1145374,24948,377.62,394.61,772.23,395,378,0.00,0.00,0,0
1621557779.101131,s1-eth2,24989.01,1144229.75,1169218.88,1145374,25014,378.62,394.61,773.23,395,379,0.00,0.00,0,0
1621557779.101197,total,3510549.50,3510549.50,7021099.00,3514060,3514060,2319.68,2319.68,4639.36,2322,2322,0.00,0.00,0,0
1621557780.101406,lo,516.00,516.00,1032.00,516,516,9.00,9.00,18.00,9,9,0.00,0.00,0,0
1621557780.101436,s3-eth1,1139450.00,24750.00,1164200.00,24750,1139450,393.00,375.00,768.00,375,393,0.00,0.00,0,0
1621557780.101453,s3-eth2,24684.00,1139450.00,1164134.00,1139450,24684,374.00,393.00,767.00,393,374,0.00,0.00,0,0
1621557780.101478,s2-eth1,1139450.00,24684.00,1164134.00,24684,1139450,393.00,374.00,767.00,374,393,0.00,0.00,0,0
1621557780.101489,s1-eth1,1133526.00,24750.00,1158276.00,24750,1133526,391.00,375.00,766.00,375,391,0.00,0.00,0,0
1621557780.101537,eth0,0.00,0.00,0.00,0,0,0.00,0.00,0.00,0,0,0.00,0.00,0,0
1621557780.101627,s2-eth2,24750.00,1139450.00,1164200.00,1139450,24750,375.00,393.00,768.00,393,375,0.00,0.00,0,0
1621557780.101664,s1-eth2,24684.00,1139450.00,1164134.00,1139450,24684,374.00,393.00,767.00,393,374,0.00,0.00,0,0
1621557780.101693,total,3487060.00,3493050.00,6980110.00,3493050,3487060,2309.00,2312.00,4621.00,2312,2309,0.00,0.00,0,0
1621557781.102928,lo,0.00,0.00,0.00,0,0,0.00,0.00,0.00,0,0,0.00,0.00,0,0
1621557781.102974,s3-eth1,1163112.88,23604.40,1186717.38,23628,1164276,461.54,357.64,819.18,358,462,0.00,0.00,0,0
1621557781.102993,s3-eth2,23670.33,1166072.00,1189742.25,1167238,23694,358.64,462.54,821.18,463,359,0.00,0.00,0,0
1621557781.103018,s2-eth1,1163112.88,23670.33,1186783.25,23694,1164276,461.54,358.64,820.18,359,462,0.00,0.00,0,0
1621557781.103030,s1-eth1,1151276.75,23604.40,1174881.12,23628,1152428,457.54,357.64,815.18,358,458,0.00,0.00,0,0
1621557781.103042,eth0,0.00,0.00,0.00,0,0,0.00,0.00,0.00,0,0,0.00,0.00,0,0
1621557781.103050,s2-eth2,23604.40,1163112.88,1186717.38,1164276,23628,357.64,461.54,819.18,462,358,0.00,0.00,0,0
1621557781.103061,s1-eth2,23670.33,1163112.88,1186783.25,1164276,23694,358.64,461.54,820.18,462,359,0.00,0.00,0,0
1621557781.103071,total,3548447.75,3563177.00,7111624.50,3566740,3551996,2455.54,2459.54,4915.09,2462,2458,0.00,0.00,0,0
1621557782.106355,lo,0.00,0.00,0.00,0,0,0.00,0.00,0.00,0,0,0.00,0.00,0,0
1621557782.106428,s3-eth1,1112416.75,23820.54,1136237.25,23892,1115754,383.85,360.92,744.77,362,385,0.00,0.00,0,0
1621557782.106478,s3-eth2,23754.74,1115369.88,1139124.62,1118716,23826,359.92,384.85,744.77,386,361,0.00,0.00,0,0
1621557782.106607,s2-eth1,1112416.75,23820.54,1136237.25,23892,1115754,383.85,360.92,744.77,362,385,0.00,0.00,0,0
1621557782.106654,s1-eth1,1094697.88,23820.54,1118518.50,23892,1097982,377.87,360.92,738.78,362,379,0.00,0.00,0,0
1621557782.106697,eth0,272.18,272.18,544.37,273,273,3.99,3.99,7.98,4,4,0.00,0.00,0,0
1621557782.106735,s2-eth2,23820.54,1112416.75,1136237.25,1115754,23892,360.92,383.85,744.77,385,362,0.00,0.00,0,0
1621557782.106783,s1-eth2,23820.54,1112416.75,1136237.25,1115754,23892,360.92,383.85,744.77,385,362,0.00,0.00,0,0
1621557782.106820,total,3391199.50,3411937.25,6803136.50,3422173,3401373,2231.31,2239.28,4470.59,2246,2238,0.00,0.00,0,0
1621557783.107438,lo,0.00,0.00,0.00,0,0,0.00,0.00,0.00,0,0,0.00,0.00,0,0
1621557783.107498,s3-eth1,1175332.75,24989.01,1200321.75,25014,1176508,405.59,378.62,784.22,379,406,0.00,0.00,0,0
1621557783.107549,s3-eth2,25054.95,1166455.62,1191510.50,1167622,25080,379.62,402.60,782.22,403,380,0.00,0.00,0,0
1621557783.107625,s2-eth1,1169414.62,24989.01,1194403.62,25014,1170584,403.60,378.62,782.22,379,404,0.00,0.00,0,0
1621557783.107660,s1-eth1,1147188.88,25054.95,1172243.75,25080,1148336,395.60,379.62,775.22,380,396,0.00,0.00,0,0
1621557783.107694,eth0,0.00,0.00,0.00,0,0,0.00,0.00,0.00,0,0,0.00,0.00,0,0
1621557783.107722,s2-eth2,25014.00,1176508.00,1201522.00,1176508,25014,379.00,406.00,785.00,406,379,0.00,0.00,0,0
1621557783.107756,s1-eth2,25014.00,1170584.00,1195598.00,1170584,25014,379.00,404.00,783.00,404,379,0.00,0.00,0,0
1621557783.107795,total,3570536.00,3589822.00,7160358.00,3589822,3570536,2344.00,2351.00,4695.00,2351,2344,0.00,0.00,0,0
1621557784.108154,lo,0.00,0.00,0.00,0,0,0.00,0.00,0.00,0,0,0.00,0.00,0,0
1621557784.108229,s3-eth1,1111278.00,24156.00,1135434.00,24156,1111278,383.00,366.00,749.00,366,383,0.00,0.00,0,0
1621557784.108279,s3-eth2,24090.00,1111278.00,1135368.00,1111278,24090,365.00,383.00,748.00,383,365,0.00,0.00,0,0
1621557784.108354,s2-eth1,1117202.00,24090.00,1141292.00,24090,1117202,385.00,365.00,750.00,365,385,0.00,0.00,0,0
1621557784.108388,s1-eth1,1108316.00,24090.00,1132406.00,24090,1108316,382.00,365.00,747.00,365,382,0.00,0.00,0,0
1621557784.108421,eth0,0.00,0.00,0.00,0,0,0.00,0.00,0.00,0,0,0.00,0.00,0,0
1621557784.108448,s2-eth2,24156.00,1111278.00,1135434.00,1111278,24156,366.00,383.00,749.00,383,366,0.00,0.00,0,0
1621557784.108482,s1-eth2,24090.00,1117202.00,1141292.00,1117202,24090,365.00,385.00,750.00,385,365,0.00,0.00,0,0
1621557784.108546,total,3409132.00,3412094.00,6821226.00,3412094,3409132,2246.00,2247.00,4493.00,2247,2246,0.00,0.00,0,0
1621557785.108718,lo,516.00,516.00,1032.00,516,516,9.00,9.00,18.00,9,9,0.00,0.00,0,0
1621557785.108767,s3-eth1,1022418.00,22308.00,1044726.00,22308,1022418,353.00,338.00,691.00,338,353,0.00,0.00,0,0
1621557785.108811,s3-eth2,22308.00,1022418.00,1044726.00,1022418,22308,338.00,353.00,691.00,353,338,0.00,0.00,0,0
1621557785.108879,s2-eth1,1022418.00,22308.00,1044726.00,22308,1022418,353.00,338.00,691.00,338,353,0.00,0.00,0,0
1621557785.108909,s1-eth1,1022418.00,22308.00,1044726.00,22308,1022418,353.00,338.00,691.00,338,353,0.00,0.00,0,0
1621557785.108964,eth0,0.00,0.00,0.00,0,0,0.00,0.00,0.00,0,0,0.00,0.00,0,0
1621557785.109484,s2-eth2,22285.71,1021396.62,1043682.38,1022418,22308,337.66,352.65,690.31,353,338,0.00,0.00,0,0
1621557785.109583,s1-eth2,22285.71,1021396.62,1043682.38,1022418,22308,337.66,352.65,690.31,353,338,0.00,0.00,0,0
1621557785.109612,total,3131562.50,3131562.50,6263125.00,3134694,3134694,2079.92,2079.92,4159.84,2082,2082,0.00,0.00,0,0
1621557786.109854,lo,0.00,0.00,0.00,0,0,0.00,0.00,0.00,0,0,0.00,0.00,0,0
1621557786.109897,s3-eth1,898497.50,19450.55,917948.06,19470,899396,309.69,294.71,604.40,295,310,0.00,0.00,0,0
1621557786.109946,s3-eth2,19450.55,898497.50,917948.06,899396,19470,294.71,309.69,604.40,310,295,0.00,0.00,0,0
1621557786.110131,s2-eth1,898497.50,19516.48,918014.00,19536,899396,309.69,295.70,605.39,296,310,0.00,0.00,0,0
1621557786.110178,s1-eth1,898497.50,19516.48,918014.00,19536,899396,309.69,295.70,605.39,296,310,0.00,0.00,0,0
1621557786.110209,eth0,0.00,0.00,0.00,0,0,0.00,0.00,0.00,0,0,0.00,0.00,0,0
1621557786.110233,s2-eth2,19470.00,899396.00,918866.00,899396,19470,295.00,310.00,605.00,310,295,0.00,0.00,0,0
1621557786.110264,s1-eth2,19536.00,899396.00,918932.00,899396,19536,296.00,310.00,606.00,310,296,0.00,0.00,0,0
1621557786.110289,total,2756664.00,2756730.00,5513394.00,2756730,2756664,1816.00,1817.00,3633.00,1817,1816,0.00,0.00,0,0
1621557787.110527,lo,0.00,0.00,0.00,0,0,0.00,0.00,0.00,0,0,0.00,0.00,0,0
1621557787.110577,s3-eth1,1121678.00,24420.00,1146098.00,24420,1121678,387.00,370.00,757.00,370,387,0.00,0.00,0,0
1621557787.110625,s3-eth2,24420.00,1121678.00,1146098.00,1121678,24420,370.00,387.00,757.00,387,370,0.00,0.00,0,0
1621557787.110763,s2-eth1,1121678.00,24420.00,1146098.00,24420,1121678,387.00,370.00,757.00,370,387,0.00,0.00,0,0
1621557787.110801,s1-eth1,1118716.00,24354.00,1143070.00,24354,1118716,386.00,369.00,755.00,369,386,0.00,0.00,0,0
1621557787.110835,eth0,0.00,0.00,0.00,0,0,0.00,0.00,0.00,0,0,0.00,0.00,0,0
1621557787.110862,s2-eth2,24420.00,1121678.00,1146098.00,1121678,24420,370.00,387.00,757.00,387,370,0.00,0.00,0,0
1621557787.110896,s1-eth2,24420.00,1121678.00,1146098.00,1121678,24420,370.00,387.00,757.00,387,370,0.00,0.00,0,0
1621557787.110924,total,3435332.00,3438228.00,6873560.00,3438228,3435332,2270.00,2270.00,4540.00,2270,2270,0.00,0.00,0,0
1621557788.111175,lo,0.00,0.00,0.00,0,0,0.00,0.00,0.00,0,0,0.00,0.00,0,0
1621557788.111263,s3-eth1,1139450.00,24618.00,1164068.00,24618,1139450,393.00,373.00,766.00,373,393,0.00,0.00,0,0
1621557788.111321,s3-eth2,24618.00,1139450.00,1164068.00,1139450,24618,373.00,393.00,766.00,393,373,0.00,0.00,0,0
1621557788.111390,s2-eth1,1136488.00,24618.00,1161106.00,24618,1136488,392.00,373.00,765.00,373,392,0.00,0.00,0,0
1621557788.111420,s1-eth1,1130564.00,24618.00,1155182.00,24618,1130564,390.00,373.00,763.00,373,390,0.00,0.00,0,0
1621557788.111451,eth0,153.00,153.00,306.00,153,153,2.00,2.00,4.00,2,2,0.00,0.00,0,0
1621557788.111477,s2-eth2,24618.00,1139450.00,1164068.00,1139450,24618,373.00,393.00,766.00,393,373,0.00,0.00,0,0
1621557788.111508,s1-eth2,24618.00,1136488.00,1161106.00,1136488,24618,373.00,392.00,765.00,392,373,0.00,0.00,0,0
1621557788.111533,total,3480509.00,3489395.00,6969904.00,3489395,3480509,2296.00,2299.00,4595.00,2299,2296,0.00,0.00,0,0
1621557789.111947,lo,0.00,0.00,0.00,0,0,0.00,0.00,0.00,0,0,0.00,0.00,0,0
1621557789.112002,s3-eth1,1127602.00,24156.00,1151758.00,24156,1127602,389.00,366.00,755.00,366,389,0.00,0.00,0,0
1621557789.112053,s3-eth2,24222.00,1130564.00,1154786.00,1130564,24222,367.00,390.00,757.00,390,367,0.00,0.00,0,0
1621557789.112129,s2-eth1,1127602.00,24156.00,1151758.00,24156,1127602,389.00,366.00,755.00,366,389,0.00,0.00,0,0
1621557789.112236,s1-eth1,1115754.00,24222.00,1139976.00,24222,1115754,385.00,367.00,752.00,367,385,0.00,0.00,0,0
1621557789.112305,eth0,0.00,0.00,0.00,0,0,0.00,0.00,0.00,0,0,0.00,0.00,0,0
1621557789.112333,s2-eth2,24156.00,1127602.00,1151758.00,1127602,24156,366.00,389.00,755.00,389,366,0.00,0.00,0,0
1621557789.112392,s1-eth2,24156.00,1127602.00,1151758.00,1127602,24156,366.00,389.00,755.00,389,366,0.00,0.00,0,0
1621557789.112421,total,3443492.00,3458302.00,6901794.00,3458302,3443492,2262.00,2267.00,4529.00,2267,2262,0.00,0.00,0,0
1621557790.113022,lo,515.48,515.48,1030.97,516,516,8.99,8.99,17.98,9,9,0.00,0.00,0,0
1621557790.113080,s3-eth1,1187168.88,25912.09,1213081.00,25938,1188356,409.59,392.61,802.20,393,410,0.00,0.00,0,0
1621557790.113131,s3-eth2,25912.09,1187168.88,1213081.00,1188356,25938,392.61,409.59,802.20,410,393,0.00,0.00,0,0
1621557790.113209,s2-eth1,1187168.88,25846.15,1213015.00,25872,1188356,409.59,391.61,801.20,392,410,0.00,0.00,0,0
1621557790.113276,s1-eth1,1182697.38,25846.15,1208543.50,25872,1183880,407.59,391.61,799.20,392,408,0.00,0.00,0,0
1621557790.113311,eth0,0.00,0.00,0.00,0,0,0.00,0.00,0.00,0,0,0.00,0.00,0,0
1621557790.113368,s2-eth2,25912.09,1187168.88,1213081.00,1188356,25938,392.61,409.59,802.20,410,393,0.00,0.00,0,0
1621557790.113407,s1-eth2,25846.15,1187168.88,1213015.00,1188356,25872,391.61,409.59,801.20,410,392,0.00,0.00,0,0
1621557790.113437,total,3635221.00,3639626.50,7274847.50,3643266,3638856,2412.59,2413.59,4826.17,2416,2415,0.00,0.00,0,0
1621557791.113816,lo,0.00,0.00,0.00,0,0,0.00,0.00,0.00,0,0,0.00,0.00,0,0
1621557791.113988,s3-eth1,1099430.00,23694.00,1123124.00,23694,1099430,379.00,359.00,738.00,359,379,0.00,0.00,0,0
1621557791.114238,s3-eth2,23604.40,1098331.75,1121936.12,1099430,23628,357.64,378.62,736.26,379,358,0.00,0.00,0,0
1621557791.114346,s2-eth1,1098331.75,23670.33,1122002.00,23694,1099430,378.62,358.64,737.26,359,379,0.00,0.00,0,0
1621557791.114419,s1-eth1,1082090.00,23670.33,1105760.25,23694,1083172,373.63,358.64,732.27,359,374,0.00,0.00,0,0
1621557791.114455,eth0,0.00,0.00,0.00,0,0,0.00,0.00,0.00,0,0,0.00,0.00,0,0
1621557791.114483,s2-eth2,23670.33,1098331.75,1122002.00,1099430,23694,358.64,378.62,737.26,379,359,0.00,0.00,0,0
1621557791.114517,s1-eth2,23670.33,1098331.75,1122002.00,1099430,23694,358.64,378.62,737.26,379,359,0.00,0.00,0,0
1621557791.114551,total,3349698.50,3366006.00,6715704.50,3369372,3353048,2205.79,2211.79,4417.58,2214,2208,0.00,0.00,0,0
1621557792.117607,lo,0.00,0.00,0.00,0,0,0.00,0.00,0.00,0,0,0.00,0.00,0,0
1621557792.117753,s3-eth1,1130135.62,24610.17,1154745.75,24684,1133526,389.83,372.88,762.71,374,391,0.00,0.00,0,0
1621557792.117825,s3-eth2,24610.17,1133088.75,1157698.88,1136488,24684,372.88,390.83,763.71,392,374,0.00,0.00,0,0
1621557792.117930,s2-eth1,1130135.62,24610.17,1154745.75,24684,1133526,389.83,372.88,762.71,374,391,0.00,0.00,0,0
1621557792.118173,s1-eth1,1130135.62,24610.17,1154745.75,24684,1133526,389.83,372.88,762.71,374,391,0.00,0.00,0,0
1621557792.118243,eth0,0.00,0.00,0.00,0,0,0.00,0.00,0.00,0,0,0.00,0.00,0,0
1621557792.118281,s2-eth2,24610.17,1130135.62,1154745.75,1133526,24684,372.88,389.83,762.71,391,374,0.00,0.00,0,0
1621557792.118327,s1-eth2,24610.17,1130135.62,1154745.75,1133526,24684,372.88,389.83,762.71,391,374,0.00,0.00,0,0
1621557792.118364,total,3464237.25,3467190.50,6931428.00,3477592,3474630,2288.14,2289.13,4577.27,2296,2295,0.00,0.00,0,0
1621557793.118598,lo,0.00,0.00,0.00,0,0,0.00,0.00,0.00,0,0,0.00,0.00,0,0
1621557793.118648,s3-eth1,1025380.00,22044.00,1047424.00,22044,1025380,354.00,334.00,688.00,334,354,0.00,0.00,0,0
1621557793.118697,s3-eth2,22110.00,1019456.00,1041566.00,1019456,22110,335.00,352.00,687.00,352,335,0.00,0.00,0,0
1621557793.118771,s2-eth1,1025380.00,22044.00,1047424.00,22044,1025380,354.00,334.00,688.00,334,354,0.00,0.00,0,0
1621557793.118806,s1-eth1,1009056.00,22044.00,1031100.00,22044,1009056,348.00,334.00,682.00,334,348,0.00,0.00,0,0
1621557793.118839,eth0,120.00,120.00,240.00,120,120,2.00,2.00,4.00,2,2,0.00,0.00,0,0
1621557793.118869,s2-eth2,22044.00,1025380.00,1047424.00,1025380,22044,334.00,354.00,688.00,354,334,0.00,0.00,0,0
1621557793.118933,s1-eth2,22044.00,1025380.00,1047424.00,1025380,22044,334.00,354.00,688.00,354,334,0.00,0.00,0,0
1621557793.118962,total,3126134.00,3136468.00,6262602.00,3136468,3126134,2061.00,2064.00,4125.00,2064,2061,0.00,0.00,0,0
1621557794.119340,lo,0.00,0.00,0.00,0,0,0.00,0.00,0.00,0,0,0.00,0.00,0,0
1621557794.119484,s3-eth1,1038676.00,22902.00,1061578.00,22902,1038676,358.00,347.00,705.00,347,358,0.00,0.00,0,0
1621557794.119550,s3-eth2,22836.00,1038676.00,1061512.00,1038676,22836,346.00,358.00,704.00,358,346,0.00,0.00,0,0
1621557794.119716,s2-eth1,1041638.00,22902.00,1064540.00,22902,1041638,359.00,347.00,706.00,347,359,0.00,0.00,0,0
1621557794.119762,s1-eth1,1038676.00,22902.00,1061578.00,22902,1038676,358.00,347.00,705.00,347,358,0.00,0.00,0,0
1621557794.119796,eth0,153.00,153.00,306.00,153,153,2.00,2.00,4.00,2,2,0.00,0.00,0,0
1621557794.119827,s2-eth2,22902.00,1038676.00,1061578.00,1038676,22902,347.00,358.00,705.00,358,347,0.00,0.00,0,0
1621557794.119862,s1-eth2,22902.00,1041638.00,1064540.00,1041638,22902,347.00,359.00,706.00,359,347,0.00,0.00,0,0
1621557794.119895,total,3187783.00,3187849.00,6375632.00,3187849,3187783,2117.00,2118.00,4235.00,2118,2117,0.00,0.00,0,0
1621557795.120498,lo,515.48,515.48,1030.97,516,516,8.99,8.99,17.98,9,9,0.00,0.00,0,0
1621557795.120633,s3-eth1,1222557.50,25978.02,1248535.50,26004,1223780,485.51,393.61,879.12,394,486,0.00,0.00,0,0
1621557795.120705,s3-eth2,25978.02,1222623.38,1248601.38,1223846,26004,393.61,486.51,880.12,487,394,0.00,0.00,0,0
1621557795.120873,s2-eth1,1222557.50,25978.02,1248535.50,26004,1223780,485.51,393.61,879.12,394,486,0.00,0.00,0,0
1621557795.120934,s1-eth1,1223406.62,25912.09,1249318.75,25938,1224630,454.55,392.61,847.15,393,455,0.00,0.00,0,0
1621557795.120981,eth0,0.00,0.00,0.00,0,0,0.00,0.00,0.00,0,0,0.00,0.00,0,0
1621557795.121018,s2-eth2,25978.02,1222557.50,1248535.50,1223780,26004,393.61,485.51,879.12,486,394,0.00,0.00,0,0
1621557795.121064,s1-eth2,25978.02,1222557.50,1248535.50,1223780,26004,393.61,485.51,879.12,486,394,0.00,0.00,0,0
1621557795.121109,total,3746971.25,3746122.00,7493093.00,3749868,3750718,2615.38,2646.35,5261.74,2649,2618,0.00,0.00,0,0
1621557796.121459,lo,0.00,0.00,0.00,0,0,0.00,0.00,0.00,0,0,0.00,0.00,0,0
1621557796.121545,s3-eth1,1218438.00,25608.00,1244046.00,25608,1218438,427.00,388.00,815.00,388,427,0.00,0.00,0,0
1621557796.121615,s3-eth2,25674.00,1218372.00,1244046.00,1218372,25674,389.00,426.00,815.00,426,389,0.00,0.00,0,0
1621557796.121802,s2-eth1,1221400.00,25674.00,1247074.00,25674,1221400,428.00,389.00,817.00,389,428,0.00,0.00,0,0
1621557796.121864,s1-eth1,1220550.00,25740.00,1246290.00,25740,1220550,459.00,390.00,849.00,390,459,0.00,0.00,0,0
1621557796.121914,eth0,0.00,0.00,0.00,0,0,0.00,0.00,0.00,0,0,0.00,0.00,0,0
1621557796.122007,s2-eth2,25674.00,1218438.00,1244112.00,1218438,25674,389.00,427.00,816.00,427,389,0.00,0.00,0,0
1621557796.122202,s1-eth2,25648.35,1220179.88,1245828.25,1221400,25674,388.61,427.57,816.18,428,389,0.00,0.00,0,0
1621557796.122257,total,3733676.50,3731500.50,7465177.00,3735232,3737410,2478.52,2445.55,4924.08,2448,2481,0.00,0.00,0,0
1621557797.125201,lo,1010.97,1010.97,2021.93,1014,1014,8.97,8.97,17.95,9,9,0.00,0.00,0,0
1621557797.125305,s3-eth1,1226215.38,26715.85,1252931.25,26796,1229894,423.73,404.79,828.51,406,425,0.00,0.00,0,0
1621557797.125375,s3-eth2,26650.05,1226215.38,1252865.38,1229894,26730,403.79,423.73,827.52,425,405,0.00,0.00,0,0
1621557797.125483,s2-eth1,1223262.25,26650.05,1249912.25,26730,1226932,422.73,403.79,826.52,405,424,0.00,0.00,0,0
1621557797.125581,s1-eth1,1226215.38,26650.05,1252865.38,26730,1229894,423.73,403.79,827.52,405,425,0.00,0.00,0,0
1621557797.125678,eth0,0.00,0.00,0.00,0,0,0.00,0.00,0.00,0,0,0.00,0.00,0,0
1621557797.125716,s2-eth2,26650.05,1226215.38,1252865.38,1229894,26730,403.79,423.73,827.52,425,405,0.00,0.00,0,0
1621557797.125790,s1-eth2,26650.05,1223262.25,1249912.25,1226932,26730,403.79,422.73,826.52,424,405,0.00,0.00,0,0
1621557797.125835,total,3756654.00,3756719.75,7513374.00,3767990,3767924,2490.53,2491.53,4982.05,2499,2498,0.00,0.00,0,0
1621557798.126238,lo,0.00,0.00,0.00,0,0,0.00,0.00,0.00,0,0,0.00,0.00,0,0
1621557798.126293,s3-eth1,1219490.00,26466.00,1245956.00,26466,1219490,421.00,401.00,822.00,401,421,0.00,0.00,0,0
1621557798.126343,s3-eth2,26466.00,1219490.00,1245956.00,1219490,26466,401.00,421.00,822.00,421,401,0.00,0.00,0,0
1621557798.126420,s2-eth1,1220938.00,26532.00,1247470.00,26532,1220938,421.00,402.00,823.00,402,421,0.00,0.00,0,0
1621557798.126454,s1-eth1,1219490.00,26466.00,1245956.00,26466,1219490,421.00,401.00,822.00,401,421,0.00,0.00,0,0
1621557798.126488,eth0,0.00,0.00,0.00,0,0,0.00,0.00,0.00,0,0,0.00,0.00,0,0
1621557798.126640,s2-eth2,26466.00,1219490.00,1245956.00,1219490,26466,401.00,421.00,822.00,421,401,0.00,0.00,0,0
1621557798.126720,s1-eth2,26532.00,1220938.00,1247470.00,1220938,26532,402.00,421.00,823.00,421,402,0.00,0.00,0,0
1621557798.126750,total,3739382.00,3739382.00,7478764.00,3739382,3739382,2467.00,2467.00,4934.00,2467,2467,0.00,0.00,0,0
1621557799.126975,lo,0.00,0.00,0.00,0,0,0.00,0.00,0.00,0,0,0.00,0.00,0,0
1621557799.127052,s3-eth1,1172032.00,25476.00,1197508.00,25476,1172032,404.00,386.00,790.00,386,404,0.00,0.00,0,0
1621557799.127103,s3-eth2,25542.00,1172032.00,1197574.00,1172032,25542,387.00,404.00,791.00,404,387,0.00,0.00,0,0
1621557799.127177,s2-eth1,1170584.00,25476.00,1196060.00,25476,1170584,404.00,386.00,790.00,386,404,0.00,0.00,0,0
1621557799.127212,s1-eth1,1169140.00,25476.00,1194616.00,25476,1169140,404.00,386.00,790.00,386,404,0.00,0.00,0,0
1621557799.127292,eth0,0.00,0.00,0.00,0,0,0.00,0.00,0.00,0,0,0.00,0.00,0,0
1621557799.127321,s2-eth2,25476.00,1172032.00,1197508.00,1172032,25476,386.00,404.00,790.00,404,386,0.00,0.00,0,0
1621557799.127358,s1-eth2,25476.00,1170584.00,1196060.00,1170584,25476,386.00,404.00,790.00,404,386,0.00,0.00,0,0
1621557799.127394,total,3588250.00,3591076.00,7179326.00,3591076,3588250,2371.00,2370.00,4741.00,2370,2371,0.00,0.00,0,0
1621557800.127633,lo,0.00,0.00,0.00,0,0,0.00,0.00,0.00,0,0,0.00,0.00,0,0
1621557800.127695,s3-eth1,1185394.00,25872.00,1211266.00,25872,1185394,409.00,392.00,801.00,392,409,0.00,0.00,0,0
1621557800.127749,s3-eth2,25806.00,1185394.00,1211200.00,1185394,25806,391.00,409.00,800.00,409,391,0.00,0.00,0,0
1621557800.127858,s2-eth1,1185394.00,25872.00,1211266.00,25872,1185394,409.00,392.00,801.00,392,409,0.00,0.00,0,0
1621557800.127892,s1-eth1,1188356.00,25872.00,1214228.00,25872,1188356,410.00,392.00,802.00,392,410,0.00,0.00,0,0
1621557800.127926,eth0,153.00,153.00,306.00,153,153,2.00,2.00,4.00,2,2,0.00,0.00,0,0
1621557800.127956,s2-eth2,25872.00,1188356.00,1214228.00,1188356,25872,392.00,410.00,802.00,410,392,0.00,0.00,0,0
1621557800.128021,s1-eth2,25872.00,1185394.00,1211266.00,1185394,25872,392.00,409.00,801.00,409,392,0.00,0.00,0,0
1621557800.128052,total,3636847.00,3636913.00,7273760.00,3636913,3636847,2405.00,2406.00,4811.00,2406,2405,0.00,0.00,0,0
1621557801.128198,lo,1014.00,1014.00,2028.00,1014,1014,9.00,9.00,18.00,9,9,0.00,0.00,0,0
1621557801.128244,s3-eth1,1223900.00,26800.00,1250700.00,26800,1223900,422.00,406.00,828.00,406,422,0.00,0.00,0,0
1621557801.128262,s3-eth2,26800.00,1223900.00,1250700.00,1223900,26800,406.00,422.00,828.00,422,406,0.00,0.00,0,0
1621557801.128286,s2-eth1,1223970.00,26734.00,1250704.00,26734,1223970,423.00,405.00,828.00,405,423,0.00,0.00,0,0
1621557801.128297,s1-eth1,1221008.00,26730.00,1247738.00,26730,1221008,422.00,405.00,827.00,405,422,0.00,0.00,0,0
1621557801.128307,eth0,0.00,0.00,0.00,0,0,0.00,0.00,0.00,0,0,0.00,0.00,0,0
1621557801.128315,s2-eth2,26800.00,1220938.00,1247738.00,1220938,26800,406.00,421.00,827.00,421,406,0.00,0.00,0,0
1621557801.128326,s1-eth2,26734.00,1223970.00,1250704.00,1223970,26734,405.00,423.00,828.00,423,405,0.00,0.00,0,0
1621557801.128335,total,3750226.00,3750086.00,7500312.00,3750086,3750226,2493.00,2491.00,4984.00,2491,2493,0.00,0.00,0,0
1621557802.128958,lo,0.00,0.00,0.00,0,0,0.00,0.00,0.00,0,0,0.00,0.00,0,0
1621557802.129002,s3-eth1,1115754.00,24024.00,1139778.00,24024,1115754,385.00,364.00,749.00,364,385,0.00,0.00,0,0
1621557802.129046,s3-eth2,24024.00,1115754.00,1139778.00,1115754,24024,364.00,385.00,749.00,385,364,0.00,0.00,0,0
1621557802.129113,s2-eth1,1115754.00,24090.00,1139844.00,24090,1115754,385.00,365.00,750.00,365,385,0.00,0.00,0,0
1621557802.129143,s1-eth1,1109830.00,24024.00,1133854.00,24024,1109830,383.00,364.00,747.00,364,383,0.00,0.00,0,0
1621557802.129174,eth0,0.00,0.00,0.00,0,0,0.00,0.00,0.00,0,0,0.00,0.00,0,0
1621557802.129198,s2-eth2,24024.00,1115754.00,1139778.00,1115754,24024,364.00,385.00,749.00,385,364,0.00,0.00,0,0
1621557802.129228,s1-eth2,24090.00,1115754.00,1139844.00,1115754,24090,365.00,385.00,750.00,385,365,0.00,0.00,0,0
1621557802.129254,total,3413476.00,3419400.00,6832876.00,3419400,3413476,2246.00,2248.00,4494.00,2248,2246,0.00,0.00,0,0
1621557803.129791,lo,676.00,676.00,1352.00,676,676,6.00,6.00,12.00,6,6,0.00,0.00,0,0
1621557803.129848,s3-eth1,1093576.00,23826.00,1117402.00,23826,1093576,378.00,361.00,739.00,361,378,0.00,0.00,0,0
1621557803.129913,s3-eth2,23892.00,1093506.00,1117398.00,1093506,23892,362.00,377.00,739.00,377,362,0.00,0.00,0,0
1621557803.129993,s2-eth1,1093576.00,23826.00,1117402.00,23826,1093576,378.00,361.00,739.00,361,378,0.00,0.00,0,0
1621557803.130027,s1-eth1,1093576.00,23826.00,1117402.00,23826,1093576,378.00,361.00,739.00,361,378,0.00,0.00,0,0
1621557803.130312,eth0,119.88,119.88,239.76,120,120,2.00,2.00,4.00,2,2,0.00,0.00,0,0
1621557803.130343,s2-eth2,23802.20,1092483.50,1116285.75,1093576,23826,360.64,377.62,738.26,378,361,0.00,0.00,0,0
1621557803.130446,s1-eth2,23802.20,1092483.50,1116285.75,1093576,23826,360.64,377.62,738.26,378,361,0.00,0.00,0,0
1621557803.130480,total,3349718.25,3349582.50,6699301.00,3352932,3353068,2223.78,2221.78,4445.55,2224,2226,0.00,0.00,0,0
1621557804.130921,lo,2787.21,2787.21,5574.43,2790,2790,14.99,14.99,29.97,15,15,0.00,0.00,0,0
1621557804.131009,s3-eth1,676749.25,20997.00,697746.25,21018,677426,235.76,314.69,550.45,315,236,0.00,0.00,0,0
1621557804.131070,s3-eth2,21176.82,673610.44,694787.25,674284,21198,315.68,233.77,549.45,234,316,0.00,0.00,0,0
1621557804.131331,s2-eth1,679708.31,20751.25,700459.56,20772,680388,236.76,312.69,549.45,313,237,0.00,0.00,0,0
1621557804.131379,s1-eth1,937456.56,20571.43,958028.00,20592,938394,326.67,311.69,638.36,312,327,0.00,0.00,0,0
1621557804.131420,eth0,0.00,0.00,0.00,0,0,0.00,0.00,0.00,0,0,0.00,0.00,0,0
1621557804.131454,s2-eth2,20997.00,676749.25,697746.25,677426,21018,314.69,235.76,550.45,236,315,0.00,0.00,0,0
1621557804.131499,s1-eth2,20751.25,679708.31,700459.56,680388,20772,312.69,236.76,549.45,237,313,0.00,0.00,0,0
1621557804.131536,total,2359626.50,2095174.88,4454801.50,2097270,2361986,1757.24,1660.34,3417.58,1662,1759,0.00,0.00,0,0
1621557805.132419,lo,1570.43,1570.43,3140.86,1572,1572,11.99,11.99,23.98,12,12,0.00,0.00,0,0
1621557805.132475,s3-eth1,0.00,69.93,69.93,70,0,0.00,1.00,1.00,1,0,0.00,0.00,0,0
1621557805.132493,s3-eth2,69.93,0.00,69.93,0,70,1.00,0.00,1.00,0,1,0.00,0.00,0,0
1621557805.132530,s2-eth1,179.82,69.93,249.75,70,180,1.00,1.00,2.00,1,1,0.00,0.00,0,0
1621557805.132540,s1-eth1,179.82,69.93,249.75,70,180,1.00,1.00,2.00,1,1,0.00,0.00,0,0
1621557805.132550,eth0,0.00,0.00,0.00,0,0,0.00,0.00,0.00,0,0,0.00,0.00,0,0
1621557805.132558,s2-eth2,69.93,0.00,69.93,0,70,1.00,0.00,1.00,0,1,0.00,0.00,0,0
1621557805.132567,s1-eth2,69.93,179.82,249.75,180,70,1.00,1.00,2.00,1,1,0.00,0.00,0,0
1621557805.132575,total,2139.86,1960.04,4099.90,1962,2142,16.98,15.98,32.97,16,17,0.00,0.00,0,0
1621557806.133019,lo,0.00,0.00,0.00,0,0,0.00,0.00,0.00,0,0,0.00,0.00,0,0
1621557806.133093,s3-eth1,0.00,0.00,0.00,0,0,0.00,0.00,0.00,0,0,0.00,0.00,0,0
1621557806.133173,s3-eth2,0.00,0.00,0.00,0,0,0.00,0.00,0.00,0,0,0.00,0.00,0,0
1621557806.133266,s2-eth1,0.00,0.00,0.00,0,0,0.00,0.00,0.00,0,0,0.00,0.00,0,0
1621557806.133302,s1-eth1,0.00,0.00,0.00,0,0,0.00,0.00,0.00,0,0,0.00,0.00,0,0
1621557806.133337,eth0,153.00,153.00,306.00,153,153,2.00,2.00,4.00,2,2,0.00,0.00,0,0
1621557806.133376,s2-eth2,0.00,0.00,0.00,0,0,0.00,0.00,0.00,0,0,0.00,0.00,0,0
1621557806.133416,s1-eth2,0.00,0.00,0.00,0,0,0.00,0.00,0.00,0,0,0.00,0.00,0,0
1621557806.133448,total,153.00,153.00,306.00,153,153,2.00,2.00,4.00,2,2,0.00,0.00,0,0
1621557807.134334,lo,337.66,337.66,675.32,338,338,3.00,3.00,5.99,3,3,0.00,0.00,0,0
1621557807.134392,s3-eth1,0.00,69.93,69.93,70,0,0.00,1.00,1.00,1,0,0.00,0.00,0,0
1621557807.134408,s3-eth2,69.93,0.00,69.93,0,70,1.00,0.00,1.00,0,1,0.00,0.00,0,0
1621557807.134432,s2-eth1,0.00,0.00,0.00,0,0,0.00,0.00,0.00,0,0,0.00,0.00,0,0
1621557807.134441,s1-eth1,0.00,0.00,0.00,0,0,0.00,0.00,0.00,0,0,0.00,0.00,0,0
1621557807.134449,eth0,0.00,0.00,0.00,0,0,0.00,0.00,0.00,0,0,0.00,0.00,0,0
1621557807.134457,s2-eth2,69.93,0.00,69.93,0,70,1.00,0.00,1.00,0,1,0.00,0.00,0,0
1621557807.134466,s1-eth2,0.00,0.00,0.00,0,0,0.00,0.00,0.00,0,0,0.00,0.00,0,0
1621557807.134473,total,477.52,407.59,885.11,408,478,5.00,4.00,8.99,4,5,0.00,0.00,0,0
1621557808.150727,lo,0.00,0.00,0.00,0,0,0.00,0.00,0.00,0,0,0.00,0.00,0,0
1621557808.150783,s3-eth1,0.00,0.00,0.00,0,0,0.00,0.00,0.00,0,0,0.00,0.00,0,0
1621557808.150798,s3-eth2,0.00,0.00,0.00,0,0,0.00,0.00,0.00,0,0,0.00,0.00,0,0
1621557808.150820,s2-eth1,0.00,0.00,0.00,0,0,0.00,0.00,0.00,0,0,0.00,0.00,0,0
1621557808.150829,s1-eth1,0.00,0.00,0.00,0,0,0.00,0.00,0.00,0,0,0.00,0.00,0,0
1621557808.150837,eth0,0.00,0.00,0.00,0,0,0.00,0.00,0.00,0,0,0.00,0.00,0,0
1621557808.150846,s2-eth2,0.00,0.00,0.00,0,0,0.00,0.00,0.00,0,0,0.00,0.00,0,0
1621557808.150854,s1-eth2,0.00,0.00,0.00,0,0,0.00,0.00,0.00,0,0,0.00,0.00,0,0
1621557808.150862,total,0.00,0.00,0.00,0,0,0.00,0.00,0.00,0,0,0.00,0.00,0,0
1621557809.154701,lo,0.00,0.00,0.00,0,0,0.00,0.00,0.00,0,0,0.00,0.00,0,0
1621557809.154762,s3-eth1,0.00,0.00,0.00,0,0,0.00,0.00,0.00,0,0,0.00,0.00,0,0
1621557809.154777,s3-eth2,69.79,0.00,69.79,0,70,1.00,0.00,1.00,0,1,0.00,0.00,0,0
1621557809.154802,s2-eth1,0.00,0.00,0.00,0,0,0.00,0.00,0.00,0,0,0.00,0.00,0,0
1621557809.154811,s1-eth1,0.00,0.00,0.00,0,0,0.00,0.00,0.00,0,0,0.00,0.00,0,0
1621557809.154819,eth0,0.00,0.00,0.00,0,0,0.00,0.00,0.00,0,0,0.00,0.00,0,0
1621557809.154828,s2-eth2,0.00,0.00,0.00,0,0,0.00,0.00,0.00,0,0,0.00,0.00,0,0
1621557809.154836,s1-eth2,0.00,0.00,0.00,0,0,0.00,0.00,0.00,0,0,0.00,0.00,0,0
1621557809.154844,total,69.79,0.00,69.79,0,70,1.00,0.00,1.00,0,1,0.00,0.00,0,0
1621557810.155855,lo,343.66,343.66,687.31,344,344,5.99,5.99,11.99,6,6,0.00,0.00,0,0
1621557810.155899,s3-eth1,0.00,0.00,0.00,0,0,0.00,0.00,0.00,0,0,0.00,0.00,0,0
1621557810.155912,s3-eth2,0.00,0.00,0.00,0,0,0.00,0.00,0.00,0,0,0.00,0.00,0,0
1621557810.155932,s2-eth1,0.00,0.00,0.00,0,0,0.00,0.00,0.00,0,0,0.00,0.00,0,0
1621557810.155940,s1-eth1,0.00,0.00,0.00,0,0,0.00,0.00,0.00,0,0,0.00,0.00,0,0
1621557810.155948,eth0,0.00,0.00,0.00,0,0,0.00,0.00,0.00,0,0,0.00,0.00,0,0
1621557810.155955,s2-eth2,0.00,0.00,0.00,0,0,0.00,0.00,0.00,0,0,0.00,0.00,0,0
1621557810.155963,s1-eth2,0.00,0.00,0.00,0,0,0.00,0.00,0.00,0,0,0.00,0.00,0,0
1621557810.155970,total,343.66,343.66,687.31,344,344,5.99,5.99,11.99,6,6,0.00,0.00,0,0
1621557811.156783,lo,468.00,468.00,936.00,468,468,9.00,9.00,18.00,9,9,0.00,0.00,0,0
1621557811.156874,eth0,0.00,0.00,0.00,0,0,0.00,0.00,0.00,0,0,0.00,0.00,0,0
1621557811.156895,total,18446744073709551616.00,18446744073709551616.00,18446744073709551616.00,18446744073489783069,18446744073489763075,18446744073709406208.00,18446744073709406208.00,18446744073709258752.00,18446744073709405529,18446744073709405390,0.00,0.00,0,0
